boat	elev	nit	pop	wc10	x	y	id	land
-1.480460958634859	-0.4805464001779465	-1.3012591207085487	-0.18540511284699118	0.46180323281950225	-83.52916666666667	43.69583333333333	1	82
-1.4794281320858913	0.16489337261008488	-0.8291212252496184	-0.2937728777284676	0.21711237368112818	-83.54583333333333	43.6875	2	82
-1.469249855927101	0.16489337261008488	NA	0.0828050819814633	-0.2722786789535637	-83.92083333333333	43.854166666666664	3	11
-1.468208933433378	0.16489337261008488	-1.0061726546303333	-0.009307507833036254	0.29867599339391954	-83.52916666666667	43.7125	4	95
-1.4660820908222327	-0.4805464001779465	-1.1242076913278336	-0.15289478854992597	0.29867599339391954	-83.53750000000001	43.69583333333333	5	82
-1.4474255055276808	-0.4805464001779465	-1.2422421651925661	-0.29919126726438583	0.5433668525322936	-83.52916666666667	43.6875	6	82
-1.4439304482529214	0.8103331453981163	1.8266569694543187	1.2694320867641193	0.5433668525322936	-83.92916666666667	43.80416666666667	7	90
-1.435780156789229	-0.4805464001779465	-0.8881381807656008	-0.18540511284699118	0.7064940919578763	-83.50416666666668	43.69583333333333	8	90
-1.429423224265252	-0.4805464001779465	NA	-0.06620056889367826	-0.9247969710138383	-83.39583333333334	43.829166666666666	9	11
-1.411632839104754	0.16489337261008488	-0.6520692330361357	-0.3073188515682632	0.21711237368112818	-83.55416666666667	43.67916666666667	10	82
-1.4044375393484474	0.8103331453981163	1.2364840372978882	0.1640809056425706	-1.3326244039357389	-83.85416666666667	43.979166666666664	11	95
-1.3976288168320263	-0.4805464001779465	0.11515569133377739	1.96569510014467	0.9511942854541942	-83.67916666666667	43.587500000000006	12	95
-1.3964540474308706	0.8103331453981163	-0.8881381807656008	1.1556460163166125	0.21711237368112818	-83.54583333333333	43.69583333333333	13	90
-1.3723848531399794	-0.4805464001779465	-0.5930517146873856	-0.2693901345056687	0.29867599339391954	-83.5625	43.670833333333334	14	95
-1.372077668922489	-0.4805464001779465	-0.7110861885521181	-0.33982918070974505	0.7064940919578763	-83.5125	43.6875	15	82
-1.363006929548278	4.682971782126304	-0.3569827669579205	0.24535672930367794	-1.1694971645101562	-83.3875	43.829166666666666	16	90
-1.3384078383600444	-0.4805464001779465	-1.0061726546303333	-0.33441079278863234	0.6249304722450849	-83.5125	43.69583333333333	17	95
-1.337788210034276	-0.4805464001779465	-1.0651901729790836	-0.33982918070974505	0.6249304722450849	-83.52083333333334	43.6875	18	82
-1.3363118955461923	0.8103331453981163	-0.0028787825309551807	-0.27209932604401676	0.13553941961039304	-83.5625	43.67916666666667	19	90
-1.327634411329638	-0.4805464001779465	NA	5.818169059003114	0.6249398066030287	-83.92083333333333	43.80416666666667	20	11
-1.31769740586663	-0.4805464001779465	-1.0651901729790836	-0.31002804633622233	0.46180323281950225	-83.52083333333334	43.69583333333333	21	95
-1.3174224405413015	0.8103331453981163	-0.17993077474443783	-0.2395889952877294	0.21711237368112818	-83.57083333333334	43.670833333333334	22	90
-1.2767440775672374	2.101212690974179	1.3545190739953883	-0.0743281564271667	-1.4957516433613216	-83.8625	43.979166666666664	23	90
-1.249380443842392	-0.4805464001779465	-1.0651901729790836	0.09364189980863258	0.21711237368112818	-83.53750000000001	43.7125	24	11
-1.2441992040859788	-0.4805464001779465	0.17417320968252747	0.17762687625275517	1.1958851445925682	-83.6875	43.587500000000006	25	95
-1.2328059838429453	-0.4805464001779465	NA	0.41874519445306185	-1.0063605907266298	-83.42916666666667	43.80416666666667	26	11
-1.2292287304691956	0.16489337261008488	-0.7110861885521181	-0.301900465261956	0.21711237368112818	-83.55416666666667	43.6875	27	95
-1.2189210923255247	-0.4805464001779465	NA	-0.16102236316497012	-1.1694971645101562	-83.85416666666667	43.97083333333333	28	11
-1.2050540415661999	-0.4805464001779465	-0.23894829309318794	-0.27209932604401676	0.13553941961039304	-83.57083333333334	43.67916666666667	29	95
-1.203229700385762	0.16489337261008488	0.23319016519850994	-0.19895108345717574	1.359012384018151	-83.77083333333334	43.62916666666667	30	95
-1.1983996366607017	-0.4805464001779465	NA	0.41874519445306185	-0.8432333513010469	-83.42083333333333	43.80416666666667	31	95
-1.1846184919546847	0.16489337261008488	-1.1242076913278336	0.09364189980863258	0.21711237368112818	-83.53750000000001	43.704166666666666	32	90
-1.182801966411342	-0.4805464001779465	-1.1832246468438161	0.023202842300917494	0.29867599339391954	-83.52916666666667	43.704166666666666	33	82
-1.1818710481853052	-0.4805464001779465	-1.1242076913278336	-0.2883544946517715	0.46180323281950225	-83.53750000000001	43.6875	34	82
-1.1594274404555485	-0.4805464001779465	-0.7110861885521181	-0.21520624560570834	0.46180323281950225	-83.52083333333334	43.7125	35	95
-1.1421223997632104	2.7466524637622105	1.3545190739953883	-0.16102236316497012	-1.2510607842229475	-83.8625	43.97083333333333	36	90
-1.137299327240953	0.16489337261008488	1.3545190739953883	-0.03639944905340536	0.7065034263158201	-83.92916666666667	43.795833333333334	37	95
-1.1314693236508644	-0.4805464001779465	-0.7701037069008683	-0.3587935392410423	0.46180323281950225	-83.50416666666668	43.704166666666666	38	95
-1.1225812624272478	-0.4805464001779465	-0.5930517146873856	-0.277517715579935	0.053975799897601685	-83.5625	43.6875	39	95
-1.1147844883883	0.16489337261008488	0.05613817298502728	1.7435410581205786	0.8696306657414028	-83.67083333333333	43.587500000000006	40	90
-1.1075802187868882	-0.4805464001779465	NA	-0.301900465261956	-0.19071505924077237	-83.91250000000001	43.854166666666664	41	11
-1.1015226053772484	-0.4805464001779465	1.2364840372978882	0.25619354713084724	-1.3326244039357389	-83.84583333333333	43.979166666666664	42	11
-1.0998481133738662	2.101212690974179	-0.23894829309318794	-0.07161895197037438	-1.0063699250845735	-83.39583333333334	43.82083333333333	43	90
-1.0962720142081264	0.16489337261008488	1.5315705033761033	0.08009592919844803	0.3802396131067109	-83.9375	43.80416666666667	44	82
-1.0914838647225111	-0.4805464001779465	NA	-0.3587935392410423	0.8696306657414028	-83.77916666666667	43.6375	45	11
-1.0911489795127833	-0.4805464001779465	-0.7110861885521181	-0.22333383313919677	0.46180323281950225	-83.5125	43.704166666666666	46	95
-1.0900159759528998	-0.4805464001779465	-0.5930517146873856	-0.22333383313919677	0.46180323281950225	-83.52083333333334	43.704166666666666	47	95
-1.088634158123455	-0.4805464001779465	NA	-0.3587935392410423	0.8696306657414028	-83.92083333333333	43.795833333333334	48	11
-1.0851393481789833	-0.4805464001779465	-0.7110861885521181	-0.14205800947808947	0.7064940919578763	-83.49583333333334	43.69583333333333	49	90
-1.0791330145823546	0.16489337261008488	1.5905880217248536	-0.22604302467754483	-0.10915143952798101	-83.92083333333333	43.84583333333333	50	11
-1.077605304860459	0.16489337261008488	-1.0061726546303333	0.5650416150345225	0.13554875396833682	-83.54583333333333	43.704166666666666	51	11
-1.0748945319284224	5.973851327702367	0.11515569133377739	-0.03910862767330916	-1.0879335447973648	-83.3875	43.82083333333333	52	90
-1.071225205732855	-0.4805464001779465	NA	-0.3587935392410423	-1.0063605907266298	-83.40416666666667	43.829166666666666	53	11
-1.070843393723182	-0.4805464001779465	-0.9471556991143509	-0.2964820757260378	0.46180323281950225	-83.54583333333333	43.67916666666667	54	82
-1.0614355101892812	-0.4805464001779465	-1.0061726546303333	-0.2856452966542013	0.46180323281950225	-83.55416666666667	43.670833333333334	55	82
-1.0576085851343056	-0.4805464001779465	-0.8881381807656008	0.26703031328423943	0.13554875396833682	-83.55416666666667	43.69583333333333	56	11
-1.0297995260497563	-0.4805464001779465	-0.47501724082265306	-0.3587935392410423	0.053975799897601685	-83.47083333333335	43.737500000000004	57	11
-1.0211436255229869	-0.4805464001779465	NA	-0.3587935392410423	-0.8432333513010469	-83.39583333333334	43.8375	58	11
-1.010802317482799	-0.4805464001779465	-0.9471556991143509	0.12073384102900168	-0.7616697315882556	-83.3875	43.854166666666664	59	11
-1.0065066850436912	-0.4805464001779465	NA	-0.3587935392410423	-1.0063605907266298	-83.84583333333333	43.97083333333333	60	11
-0.9995578911409266	2.101212690974179	-0.47501724082265306	-0.13393042194460103	-0.9247969710138383	-83.3875	43.8375	61	90
-0.9981909131287517	0.16489337261008488	2.0037089616678014	0.42687275614966175	0.3802396131067109	-83.92916666666667	43.8125	62	90
-0.9955005531898045	0.16489337261008488	-0.47501724082265306	0.2887038455910239	0.3802396131067109	-83.57916666666667	43.670833333333334	63	95
-0.9864059217097886	-0.4805464001779465	-0.7110861885521181	-0.08245574396065514	0.13553941961039304	-83.47083333333335	43.72916666666667	64	11
-0.9826127325060736	-0.4805464001779465	NA	-0.3587935392410423	-1.0063605907266298	-83.4375	43.80416666666667	65	11
-0.9807621083603816	-0.4805464001779465	-0.17993077474443783	-0.3560843450786353	0.8696306657414028	-83.78750000000001	43.6375	66	11
-0.9762074056891104	-0.4805464001779465	-0.7701037069008683	0.09364189980863258	0.29867599339391954	-83.52916666666667	43.72083333333333	67	11
-0.9745880188738576	-0.4805464001779465	-0.7110861885521181	-0.2883544946517715	0.7064940919578763	-83.52916666666667	43.67916666666667	68	82
-0.9713707464897079	-0.4805464001779465	NA	-0.3587935392410423	0.6249398066030287	-83.91250000000001	43.80416666666667	69	11
-0.9625301726813555	-0.4805464001779465	NA	-0.2910636861901196	0.7880670460286114	-83.77083333333334	43.6375	70	11
-0.9603309117619322	0.16489337261008488	2.121743435532534	4.347076568059028	0.46180323281950225	-83.92083333333333	43.8125	71	11
-0.9380506079768894	-0.4805464001779465	1.5315705033761033	-0.03098104013982072	0.7065034263158201	-83.9375	43.795833333333334	72	82
-0.9371459727161064	2.101212690974179	1.5905880217248536	0.18846369407992444	-1.577315263074113	-83.87083333333334	43.979166666666664	73	82
-0.9369917705259846	-0.4805464001779465	NA	-0.3587935392410423	0.13553941961039304	-83.57916666666667	43.67916666666667	74	11
-0.9274388854886692	-0.4805464001779465	-0.7110861885521181	-0.14205800947808947	0.5433668525322936	-83.49583333333334	43.704166666666666	75	95
-0.924934781745147	0.8103331453981163	1.0594326079171732	0.2589026999138625	-1.4141880236485302	-83.85416666666667	43.9875	76	82
-0.9225249273299756	0.8103331453981163	-1.0061726546303333	-0.22604302467754483	-0.8432333513010469	-83.41250000000001	43.80416666666667	77	95
-0.9080447612757953	-0.4805464001779465	NA	-0.3587935392410423	0.9511942854541942	-83.67916666666667	43.59583333333334	78	11
-0.9053673284665587	0.16489337261008488	-1.0061726546303333	-0.25042577435956587	0.5433668525322936	-83.5625	43.6625	79	82
-0.9047532898052952	-0.4805464001779465	0.4692596757607427	0.13969816887899383	1.1958851445925682	-83.69583333333334	43.587500000000006	80	95
-0.9003318157157374	-0.4805464001779465	NA	0.09364189980863258	0.21711237368112818	-83.53750000000001	43.72083333333333	81	11
-0.8998834553699513	-0.4805464001779465	NA	-0.3587935392410423	-0.19071505924077237	-83.91250000000001	43.84583333333333	82	11
-0.8963405644175246	-0.4805464001779465	NA	-0.3587935392410423	-1.0063605907266298	-83.40416666666667	43.82083333333333	83	11
-0.8952209826479276	-0.4805464001779465	NA	-0.3587935392410423	0.21711237368112818	-83.54583333333333	43.7125	84	11
-0.8853158992807361	-0.4805464001779465	0.3512246390632425	0.39436240601570804	-0.19071505924077237	-83.91250000000001	43.8625	85	11
-0.8795853554437284	0.8103331453981163	1.4135360295113708	0.2832854883512163	-1.577315263074113	-83.8625	43.9875	86	82
-0.8788235122024551	0.16489337261008488	-1.0061726546303333	-0.04181783213010148	0.29867599339391954	-83.57083333333334	43.6625	87	82
-0.8706786949824667	-0.4805464001779465	NA	-0.3587935392410423	0.053975799897601685	-83.57083333333334	43.6875	88	11
-0.8678304393877659	-0.4805464001779465	-0.9471556991143509	-0.2802269071182831	0.5433668525322936	-83.53750000000001	43.67916666666667	89	82
-0.8651313734226869	-0.4805464001779465	NA	-0.2124970540673603	-0.027587819815189665	-83.4625	43.74583333333334	90	11
-0.8635304539355924	0.8103331453981163	1.1774670817819057	-0.16102236316497012	-1.2510607842229475	-83.87083333333334	43.97083333333333	91	82
-0.8615611112517398	-0.4805464001779465	NA	-0.24771658282121783	0.053975799897601685	-83.55416666666667	43.704166666666666	92	11
-0.8522070797658433	-0.4805464001779465	-0.8291212252496184	-0.06349139027377447	0.3802396131067109	-83.52083333333334	43.72083333333333	93	95
-0.8510211475243633	-0.4805464001779465	NA	-0.3587935392410423	1.0327579051669855	-83.6875	43.59583333333334	94	11
-0.8480015415062508	2.7466524637622105	-0.5340347591714032	0.12073384102900168	-0.8432333513010469	-83.3875	43.84583333333333	95	90
-0.8399230747581455	-0.4805464001779465	0.4692596757607427	0.3618521075555313	1.6037125775144687	-83.7625	43.62916666666667	96	95
-0.8389293346389987	-0.4805464001779465	NA	-0.3587935392410423	-0.9247969710138383	-83.40416666666667	43.8375	97	11
-0.8392829180184866	-0.4805464001779465	NA	-0.3587935392410423	0.8696306657414028	-83.91250000000001	43.795833333333334	98	11
-0.8025534469086723	-0.4805464001779465	NA	-0.20436947945231612	0.3802396131067109	-83.5125	43.7125	99	11
-0.8002881652910829	-0.4805464001779465	-0.8881381807656008	-0.277517715579935	0.5433668525322936	-83.54583333333333	43.670833333333334	100	82
-0.7876121912432251	-0.4805464001779465	1.000415089568423	0.25619354713084724	-1.3326244039357389	-83.84583333333333	43.9875	101	11
-0.7829366594820039	-0.4805464001779465	0.17417320968252747	1.1989930809301812	0.8696306657414028	-83.67083333333333	43.59583333333334	102	11
-0.7742770654896028	-0.4805464001779465	-0.5930517146873856	-0.3587935392410423	0.053975799897601685	-83.5625	43.69583333333333	103	11
-0.765277342885372	0.8103331453981163	-0.3569827669579205	1.337161939815042	0.7880670460286114	-83.66250000000001	43.587500000000006	104	90
-0.7543970526819354	-0.4805464001779465	-0.7110861885521181	-0.09329251011404736	0.6249304722450849	-83.55416666666667	43.6625	105	82
-0.751690467876106	-0.4805464001779465	NA	-0.3587935392410423	-1.0879242104394211	-83.42916666666667	43.8125	106	11
-0.750611778047431	-0.4805464001779465	NA	-0.3587935392410423	-1.0879242104394211	-83.8375	43.979166666666664	107	11
-0.748567906503511	-0.4805464001779465	NA	-0.3587935392410423	0.5433668525322936	-83.91250000000001	43.8125	108	11
-0.7456133318624132	-0.4805464001779465	NA	-0.3587935392410423	-0.2722786789535637	-83.90416666666667	43.854166666666664	109	11
-0.7366450696707948	-0.4805464001779465	NA	-0.3587935392410423	-1.0063605907266298	-83.42083333333333	43.8125	110	11
-0.7260451530816472	-0.4805464001779465	NA	-0.3587935392410423	-1.0063605907266298	-83.85416666666667	43.9625	111	11
-0.7241842399959812	0.16489337261008488	-0.7110861885521181	-0.14205800947808947	0.6249304722450849	-83.48750000000001	43.69583333333333	112	82
-0.7127428727902494	-0.4805464001779465	NA	-0.3587935392410423	-0.027587819815189665	-83.47083333333335	43.74583333333334	113	11
-0.7097443063352886	-0.4805464001779465	NA	-0.3587935392410423	-1.0879242104394211	-83.41250000000001	43.829166666666666	114	95
-0.7031338602662814	0.8103331453981163	-0.6520692330361357	0.4810566385904	0.3802396131067109	-83.57916666666667	43.6625	115	82
-0.6926707997697354	-0.4805464001779465	NA	-0.3587935392410423	3.071876401060601	-83.7625	43.6375	116	11
-0.6922763904040689	-0.4805464001779465	NA	-0.3587935392410423	-1.0063605907266298	-83.8375	43.97083333333333	117	11
-0.6907440638501339	0.8103331453981163	1.3545190739953883	-0.16102236316497012	-0.9247969710138383	-83.8625	43.9625	118	11
-0.6821160621798322	-0.4805464001779465	NA	-0.3587935392410423	-0.10915143952798101	-83.47916666666667	43.737500000000004	119	11
-0.6814861943801473	0.16489337261008488	0.4102421574119926	0.6246439063888455	1.68527619722726	-83.7625	43.62083333333334	120	82
-0.673340124020034	-0.4805464001779465	NA	-0.3587935392410423	0.13553941961039304	-83.54583333333333	43.72083333333333	121	11
-0.6550944037996326	-0.4805464001779465	NA	-0.3587935392410423	-0.9247969710138383	-83.44583333333334	43.80416666666667	122	11
-0.6548164045561068	-0.4805464001779465	NA	-0.3587935392410423	-0.10915143952798101	-83.47916666666667	43.72916666666667	123	11
-0.6492734360093927	-0.4805464001779465	NA	-0.3587935392410423	-0.8432333513010469	-83.39583333333334	43.854166666666664	124	11
-0.6455338020573368	-0.4805464001779465	1.2955015556466383	-0.13122124332469723	0.9511942854541942	-83.92916666666667	43.7875	125	95
-0.6445308942288542	-0.4805464001779465	0.5282766312767252	-0.35066595655197047	1.1958851445925682	-83.69583333333334	43.59583333333334	126	95
-0.6430334577341897	-0.4805464001779465	NA	-0.3587935392410423	0.29867599339391954	-83.5875	43.670833333333334	127	11
-0.6412155471412352	-0.4805464001779465	NA	-0.3587935392410423	0.3802396131067109	-83.50416666666668	43.7125	128	95
-0.630668921984773	0.8103331453981163	-0.8291212252496184	-0.10954768518102424	0.13554875396833682	-83.47083333333335	43.72083333333333	129	95
-0.6242081931833349	-0.4805464001779465	-0.9471556991143509	-0.14205800947808947	0.46180323281950225	-83.48750000000001	43.704166666666666	130	95
-0.6214643439474719	-0.4805464001779465	NA	-0.3587935392410423	0.9511942854541942	-83.92083333333333	43.7875	131	11
-0.6193369077436356	-0.4805464001779465	NA	-0.3587935392410423	-1.0879242104394211	-83.4375	43.8125	132	11
-0.6165662808819431	-0.4805464001779465	NA	-0.3587935392410423	-1.0063605907266298	-83.84583333333333	43.9625	133	11
-0.6113389717372492	2.7466524637622105	-0.5340347591714032	0.41603598999626956	-1.0063699250845735	-83.39583333333334	43.8125	134	90
-0.6054552809860144	-0.4805464001779465	NA	-0.3587935392410423	0.13553941961039304	-83.5875	43.67916666666667	135	11
-0.6023172202487151	-0.4805464001779465	NA	-0.3587935392410423	-0.3538422986663551	-83.90416666666667	43.8625	136	11
-0.6014300629949391	-0.4805464001779465	NA	0.03133040399751741	0.29867599339391954	-83.5125	43.72083333333333	137	11
-0.5970415003223492	-0.4805464001779465	NA	-0.3587935392410423	-1.0063605907266298	-83.41250000000001	43.82083333333333	138	95
-0.5913520462904936	-0.4805464001779465	NA	-0.3587935392410423	0.7880670460286114	-83.77916666666667	43.645833333333336	139	11
-0.5894137023360497	1.4557729181861476	-1.2422421651925661	0.3483061369453468	-0.7616697315882556	-83.40416666666667	43.80416666666667	140	90
-0.587728756505835	-0.4805464001779465	NA	-0.3587935392410423	0.13553941961039304	-83.57916666666667	43.6875	141	11
-0.5852208273871944	0.8103331453981163	1.8856744878030687	0.18846369407992444	-0.027587819815189665	-83.92083333333333	43.8375	142	11
-0.5808236905979595	-0.4805464001779465	-1.0061726546303333	-0.04452701075000527	-1.0063605907266298	-83.41250000000001	43.8125	143	95
-0.5587225858507957	-0.4805464001779465	NA	-0.3587935392410423	-0.027587819815189665	-83.5625	43.704166666666666	144	11
-0.5563144462589532	-0.4805464001779465	NA	-0.3587935392410423	-0.8432333513010469	-83.41250000000001	43.8375	145	11
-0.5487191639611612	-0.4805464001779465	0.5282766312767252	-0.35066595655197047	1.440585338088886	-83.70416666666667	43.587500000000006	146	82
-0.5415450027001218	-0.4805464001779465	NA	0.12073384102900168	-0.8432333513010469	-83.39583333333334	43.84583333333333	147	11
-0.5393132920469346	0.16489337261008488	-0.06189630087970528	3.5505736615362626	0.7064940919578763	-83.66250000000001	43.59583333333334	148	11
-0.5373256139444106	-0.4805464001779465	NA	0.25619354713084724	-1.2510607842229475	-83.8375	43.9875	149	11
-0.5360939750657387	-1.125986172965978	1.5905880217248536	-0.13122124332469723	0.7065034263158201	-83.9375	43.7875	150	82
-0.535076359329473	-0.4805464001779465	NA	-0.3587935392410423	0.053975799897601685	-83.55416666666667	43.7125	151	11
-0.5332108953665109	0.16489337261008488	1.2955015556466383	-0.16102236316497012	-1.2510607842229475	-83.87916666666666	43.97083333333333	152	82
-0.5321179593132566	-0.4805464001779465	NA	-0.3587935392410423	0.7880670460286114	-83.78750000000001	43.645833333333336	153	11
-0.5298420589819762	-0.4805464001779465	-0.5930517146873856	-0.2693901345056687	0.7064940919578763	-83.53750000000001	43.670833333333334	154	82
-0.5281855396461766	-0.4805464001779465	NA	-0.3587935392410423	0.3802396131067109	-83.49583333333334	43.7125	155	11
-0.5250710907070226	0.8103331453981163	1.4135360295113708	-0.16102236316497012	-1.0063605907266298	-83.87083333333334	43.9625	156	90
-0.521572851115893	-0.4805464001779465	NA	-0.3587935392410423	0.8696306657414028	-83.77083333333334	43.645833333333336	157	11
-0.5062954241232215	-0.4805464001779465	NA	-0.3587935392410423	0.053975799897601685	-83.57083333333334	43.69583333333333	158	11
-0.5035128594529694	0.8103331453981163	2.121743435532534	-0.09871089319074348	0.13554875396833682	-83.92916666666667	43.82083333333333	159	90
-0.49577617018527953	0.16489337261008488	-1.0061726546303333	0.44854628845644623	-0.9247969710138383	-83.40416666666667	43.8125	160	95
-0.4838136945517664	-0.4805464001779465	NA	-0.3587935392410423	0.053975799897601685	-83.91250000000001	43.8375	161	11
-0.48255963106033095	0.8103331453981163	2.416829901610749	3.878385902268599	0.29867599339391954	-83.92083333333333	43.82083333333333	162	11
-0.4767668259455325	-0.4805464001779465	NA	-0.3587935392410423	0.29867599339391954	-83.52916666666667	43.72916666666667	163	11
-0.47659758607391034	-0.4805464001779465	NA	-0.3587935392410423	1.0327579051669855	-83.79583333333333	43.645833333333336	164	11
-0.4765745019137124	-0.4805464001779465	NA	1.2585953722845042	1.6037125775144687	-83.75416666666668	43.62916666666667	165	95
-0.4725409076702224	-0.4805464001779465	NA	-0.3587935392410423	0.9511942854541942	-83.91250000000001	43.7875	166	11
-0.4656711935048213	-0.4805464001779465	0.4692596757607427	-0.0011799202995478168	-0.3538422986663551	-83.91250000000001	43.87083333333334	167	11
-0.45931922407528686	-0.4805464001779465	NA	-0.3587935392410423	-0.10915143952798101	-83.47916666666667	43.74583333333334	168	11
-0.4571661974310027	-0.4805464001779465	NA	-0.3587935392410423	0.5433668525322936	-83.90416666666667	43.8125	169	11
-0.4373758171196463	0.16489337261008488	-0.7110861885521181	1.3507079104252266	0.29867599339391954	-83.5875	43.6625	170	11
-0.4334284257258095	-0.4805464001779465	NA	-0.3587935392410423	0.29867599339391954	-83.53750000000001	43.72916666666667	171	11
-0.4276576494953141	3.3920922365502415	1.5905880217248536	0.2345199631502857	-1.6588788827869043	-83.85416666666667	43.99583333333333	172	90
-0.42271539675169223	-0.4805464001779465	NA	-0.3587935392410423	-0.9247969710138383	-83.40416666666667	43.84583333333333	173	11
-0.4105776134101621	0.16489337261008488	-0.9471556991143509	-0.24771658282121783	0.5433668525322936	-83.5625	43.65416666666667	174	82
-0.4094234054002683	-0.4805464001779465	NA	-0.3587935392410423	0.8696306657414028	-83.67916666666667	43.60416666666667	175	11
-0.4071661702613765	0.8103331453981163	-0.5930517146873856	0.08822349089504794	0.7880670460286114	-83.65416666666667	43.587500000000006	176	82
-0.40423303091189094	-0.4805464001779465	NA	-0.3587935392410423	0.21711237368112818	-83.52083333333334	43.72916666666667	177	11
-0.3950451394246757	0.16489337261008488	-1.2422421651925661	-0.14205800947808947	0.5433668525322936	-83.57083333333334	43.65416666666667	178	82
-0.39454612583594106	-0.4805464001779465	NA	-0.14205800947808947	0.13553941961039304	-83.47916666666667	43.72083333333333	179	11
-0.39348174818658865	-0.4805464001779465	NA	-0.3587935392410423	-1.0879242104394211	-83.82916666666667	43.979166666666664	180	11
-0.3876179757678676	-0.4805464001779465	NA	-0.3587935392410423	-1.0879242104394211	-83.44583333333334	43.8125	181	95
-0.37574902396052756	-0.4805464001779465	NA	-0.3587935392410423	0.9511942854541942	-83.6875	43.60416666666667	182	11
-0.3728247225466606	-0.4805464001779465	NA	-0.3587935392410423	3.071876401060601	-83.75416666666668	43.6375	183	11
-0.3715764630726463	-0.4805464001779465	NA	-0.3587935392410423	-0.19071505924077237	-83.4625	43.75416666666667	184	11
-0.36449872764649066	0.16489337261008488	0.29220768354726007	0.8088690860178446	1.6037125775144687	-83.75416666666668	43.62083333333334	185	82
-0.36225521109423076	-0.4805464001779465	0.6463111051414577	-0.35066595655197047	1.2774487643053596	-83.70416666666667	43.59583333333334	186	90
-0.35038718265329866	-0.4805464001779465	2.239778472230034	-0.3587935392410423	0.29867599339391954	-83.91250000000001	43.82083333333333	187	11
-0.3478616436181642	-0.4805464001779465	NA	-0.3587935392410423	-1.0063605907266298	-83.42083333333333	43.829166666666666	188	95
-0.3443405836858104	0.8103331453981163	1.472553547860121	0.14511657779257847	-1.4141880236485302	-83.84583333333333	43.99583333333333	189	90
-0.3333200736978575	-0.4805464001779465	NA	-0.3587935392410423	0.8696306657414028	-83.67083333333333	43.60416666666667	190	11
-0.31733383107762425	-0.4805464001779465	-0.5930517146873856	-0.14205800947808947	0.21711237368112818	-83.48750000000001	43.7125	191	11
-0.30857609642701056	-0.4805464001779465	NA	-0.3587935392410423	-0.9247969710138383	-83.45416666666667	43.80416666666667	192	11
-0.30615344679161516	-0.4805464001779465	NA	-0.3587935392410423	-0.027587819815189665	-83.48750000000001	43.72916666666667	193	11
-0.2960177856414185	-0.4805464001779465	NA	-0.3587935392410423	0.21711237368112818	-83.50416666666668	43.72083333333333	194	11
-0.2898201503114927	0.16489337261008488	-0.8291212252496184	-0.13122124332469723	0.46180323281950225	-83.47916666666667	43.704166666666666	195	82
-0.2874730848120595	-0.4805464001779465	NA	-0.3587935392410423	-1.0063605907266298	-83.40416666666667	43.854166666666664	196	11
-0.2856093356724264	-0.4805464001779465	NA	-0.3587935392410423	-0.027587819815189665	-83.90416666666667	43.8375	197	11
-0.28468240770836656	-0.4805464001779465	NA	-0.3587935392410423	0.21711237368112818	-83.59583333333333	43.670833333333334	198	11
-0.27779594103813615	0.8103331453981163	1.2955015556466383	-0.16102236316497012	-0.9247969710138383	-83.87916666666666	43.9625	199	90
-0.2776512363310672	0.8103331453981163	-1.0651901729790836	0.2047188174731243	0.46180323281950225	-83.57916666666667	43.65416666666667	200	82
-0.2755528202143368	-0.4805464001779465	NA	-0.3587935392410423	-0.2722786789535637	-83.47083333333335	43.75416666666667	201	11
-0.27030585655610295	-0.4805464001779465	NA	-0.3587935392410423	-0.19071505924077237	-83.90416666666667	43.87083333333334	202	11
-0.26574798805714744	-0.4805464001779465	NA	-0.3587935392410423	-1.0879242104394211	-83.42083333333333	43.82083333333333	203	95
-0.2563204170323348	-0.4805464001779465	NA	-0.3587935392410423	-1.1694878301522125	-83.42916666666667	43.82083333333333	204	95
-0.24053863411671136	-0.4805464001779465	NA	-0.3587935392410423	1.1958851445925682	-83.69583333333334	43.60416666666667	205	11
-0.24024698224129706	0.16489337261008488	-0.6520692330361357	-0.03098104013982072	0.6249304722450849	-83.65416666666667	43.59583333333334	206	82
-0.23566497430624891	-0.4805464001779465	-0.47501724082265306	-0.3587935392410423	-1.1694971645101562	-83.82916666666667	43.9875	207	11
-0.23507916427517023	-0.4805464001779465	NA	-0.3587935392410423	-0.9247969710138383	-83.42083333333333	43.8375	208	95
-0.23440853644405021	-0.4805464001779465	NA	-0.3587935392410423	0.21711237368112818	-83.5125	43.72916666666667	209	11
-0.22772864003021906	-0.4805464001779465	NA	-0.3587935392410423	-0.8432333513010469	-83.85416666666667	43.954166666666666	210	11
-0.22415033138057458	-0.4805464001779465	NA	-0.3587935392410423	-0.8432333513010469	-83.41250000000001	43.84583333333333	211	11
-0.20514151477877487	-0.4805464001779465	NA	-0.3587935392410423	-0.6801061118754642	-83.8625	43.954166666666666	212	11
-0.18348685768983802	1.4557729181861476	-0.8291212252496184	-0.2124970540673603	0.29867599339391954	-83.47083333333335	43.7125	213	82
-0.17060497293301521	0.8103331453981163	1.472553547860121	-0.10412930210432812	-1.3326244039357389	-83.8375	43.99583333333333	214	95
-0.16966010527874442	0.16489337261008488	NA	-0.3587935392410423	-1.0879242104394211	-83.4375	43.82083333333333	215	95
-0.16501741897974756	-0.4805464001779465	NA	-0.3587935392410423	0.7064940919578763	-83.66250000000001	43.60416666666667	216	11
-0.1578096207995627	-0.4805464001779465	NA	-0.3587935392410423	-0.10915143952798101	-83.48750000000001	43.74583333333334	217	11
-0.14787723216859422	-0.4805464001779465	1.000415089568423	-0.15289478854992597	1.1143215248797769	-83.92916666666667	43.77916666666667	218	11
-0.13720245694566205	-0.4805464001779465	NA	-0.3587935392410423	0.13553941961039304	-83.90416666666667	43.82083333333333	219	11
-0.1320430811866933	-0.4805464001779465	NA	-0.3587935392410423	1.1958851445925682	-83.92083333333333	43.77916666666667	220	11
-0.12884651859197827	-0.4805464001779465	-1.419294157406049	-0.3587935392410423	0.29867599339391954	-83.59583333333333	43.6625	221	11
-0.11321511249135811	-0.4805464001779465	NA	3.900059537922938	1.8484034366528428	-83.74583333333334	43.62916666666667	222	11
-0.1061024210511885	-0.4805464001779465	NA	-0.3587935392410423	0.13553941961039304	-83.48750000000001	43.72083333333333	223	11
-0.10250604080184623	0.8103331453981163	NA	-0.3587935392410423	-1.0063605907266298	-83.45416666666667	43.8125	224	95
-0.0948736259835073	-0.4805464001779465	NA	-0.3587935392410423	-0.10915143952798101	-83.47916666666667	43.75416666666667	225	11
-0.09251996500973185	-0.4805464001779465	NA	-0.3587935392410423	-0.6801061118754642	-83.87083333333334	43.954166666666666	226	11
-0.08707526903071734	0.16489337261008488	2.0627264800165515	0.5298221121175536	0.13554875396833682	-83.92083333333333	43.829166666666666	227	11
-0.08561582246826419	1.4557729181861476	-0.6520692330361357	0.9199461070298903	0.3802396131067109	-83.5875	43.65416666666667	228	90
-0.07412334033637982	-1.125986172965978	1.4135360295113708	-0.20436947945231612	1.0327579051669855	-83.9375	43.77916666666667	229	95
-0.07053329174240612	2.101212690974179	2.2987954277460165	-0.08245574396065514	0.053975799897601685	-83.92916666666667	43.829166666666666	230	90
-0.06769723777523848	-0.4805464001779465	NA	-0.3587935392410423	0.13553941961039304	-83.49583333333334	43.72083333333333	231	11
-0.048492403675987096	0.16489337261008488	-0.6520692330361357	-0.14205800947808947	0.29867599339391954	-83.47916666666667	43.7125	232	95
-0.045406249321761315	-0.4805464001779465	0.3512246390632425	-0.35066595655197047	1.5221489578016774	-83.7125	43.59583333333334	233	82
-0.03443190765420413	-0.4805464001779465	NA	-0.3587935392410423	-1.2510607842229475	-83.82083333333334	43.979166666666664	234	11
-0.033664985897687266	-0.4805464001779465	NA	-0.3587935392410423	2.8271855419222267	-83.74583333333334	43.6375	235	11
-0.03010765085645112	-0.4805464001779465	0.23319016519850994	-0.35066595655197047	1.2774487643053596	-83.70416666666667	43.60416666666667	236	11
-0.0293593283375794	-0.4805464001779465	NA	-0.3587935392410423	1.1143215248797769	-83.91250000000001	43.77916666666667	237	11
-0.02707096255979222	-0.4805464001779465	0.23319016519850994	2.472314318287529	1.8484034366528428	-83.74583333333334	43.62083333333334	238	95
-0.017622549836058075	-0.4805464001779465	NA	-0.3587935392410423	0.053975799897601685	-83.91250000000001	43.829166666666666	239	11
-0.0026113821425831516	0.16489337261008488	NA	-0.3587935392410423	-1.0879242104394211	-83.44583333333334	43.82083333333333	240	95
0.0017126108361961699	-0.4805464001779465	NA	-0.3587935392410423	0.13553941961039304	-83.50416666666668	43.72916666666667	241	11
0.014149432984403942	-0.4805464001779465	NA	-0.3587935392410423	-1.2510607842229475	-83.42916666666667	43.829166666666666	242	95
0.023184705195339526	-0.4805464001779465	NA	-0.3587935392410423	0.29867599339391954	-83.52916666666667	43.737500000000004	243	11
0.032255461058236415	-0.4805464001779465	NA	-0.3587935392410423	-1.0063605907266298	-83.42083333333333	43.84583333333333	244	11
0.044846485396566	-0.4805464001779465	NA	-0.3587935392410423	-0.9247969710138383	-83.4625	43.80416666666667	245	11
0.06518376244038177	2.101212690974179	1.1184495634331557	-0.09600171457083968	-1.3326244039357389	-83.82916666666667	43.99583333333333	246	95
0.06750088448630115	-0.4805464001779465	-0.17993077474443783	-0.07161895197037438	0.6249304722450849	-83.65416666666667	43.60416666666667	247	95
0.07395653477249578	-0.4805464001779465	NA	-0.3587935392410423	0.21711237368112818	-83.52083333333334	43.737500000000004	248	11
0.07731547794551703	-1.125986172965978	1.5315705033761033	-0.177277538231947	0.8696306657414028	-83.94583333333334	43.77916666666667	249	82
0.08467998459607376	0.16489337261008488	-1.0061726546303333	-0.03098104013982072	0.7880670460286114	-83.64583333333334	43.59583333333334	250	82
0.0897880475646598	-0.4805464001779465	0.11515569133377739	-0.34253837386289865	-1.3326244039357389	-83.82083333333334	43.9875	251	11
0.09206322239376248	-0.4805464001779465	0.5282766312767252	0.21284643084350124	-0.5985424921626729	-83.87916666666666	43.954166666666666	252	11
0.10282967471005193	-0.4805464001779465	NA	-0.3587935392410423	-1.0879242104394211	-83.42916666666667	43.8375	253	95
0.12588639773466434	-0.4805464001779465	NA	-0.3587935392410423	-0.3538422986663551	-83.4625	43.7625	254	11
0.13063408398518983	4.037532009338273	1.944692006151819	0.1640809056425706	-1.6588788827869043	-83.84583333333333	44.00416666666666	255	90
0.14407948606981452	-0.4805464001779465	NA	-0.3587935392410423	-0.10915143952798101	-83.48750000000001	43.75416666666667	256	11
0.14480169051029093	-0.4805464001779465	NA	-0.3587935392410423	-0.2722786789535637	-83.90416666666667	43.87916666666667	257	11
0.16178107965698021	0.16489337261008488	-0.6520692330361357	0.27786707943763167	0.46180323281950225	-83.59583333333333	43.65416666666667	258	11
0.18554365034570028	0.8103331453981163	-0.9471556991143509	-0.31815562741048864	0.7880670460286114	-83.57916666666667	43.645833333333336	259	82
0.19522369612833423	-0.4805464001779465	NA	-0.3587935392410423	-0.3538422986663551	-83.47083333333335	43.7625	260	11
0.19873130129302982	-0.4805464001779465	NA	-0.3587935392410423	0.13553941961039304	-83.5125	43.737500000000004	261	11
0.20038003796910556	-0.4805464001779465	NA	-0.3587935392410423	0.29867599339391954	-83.60416666666667	43.6625	262	11
0.20090991837776195	-0.4805464001779465	0.05613817298502728	0.10447866596202482	1.9299763907235779	-83.74583333333334	43.612500000000004	263	82
0.2107032744095958	0.16489337261008488	NA	-0.3587935392410423	-1.0063605907266298	-83.4625	43.8125	264	95
0.21262664663728284	-0.4805464001779465	NA	-0.3587935392410423	1.1143215248797769	-83.69583333333334	43.612500000000004	265	11
0.22263910432676623	0.8103331453981163	NA	-0.3587935392410423	-1.0879242104394211	-83.45416666666667	43.82083333333333	266	95
0.22951818406573332	-0.4805464001779465	0.23319016519850994	-0.2287522162158929	1.5221489578016774	-83.7125	43.60416666666667	267	95
0.2501485639893187	-0.4805464001779465	NA	-0.3587935392410423	1.7668398169400514	-83.7375	43.62916666666667	268	11
0.2600886033705242	3.3920922365502415	1.8856744878030687	0.1640809056425706	-1.577315263074113	-83.8375	44.00416666666666	269	90
0.2697501818249999	-0.4805464001779465	NA	-0.3587935392410423	0.7064940919578763	-83.66250000000001	43.612500000000004	270	11
0.2882135526986955	-0.4805464001779465	NA	-0.3587935392410423	-0.2722786789535637	-83.8625	43.94583333333333	271	11
0.3056504039457632	-0.4805464001779465	NA	-0.3587935392410423	-1.1694971645101562	-83.4375	43.829166666666666	272	95
0.31447475288723364	-0.4805464001779465	NA	-0.3587935392410423	2.908749161635018	-83.7375	43.6375	273	11
0.3199492604102751	-0.4805464001779465	-0.0028787825309551807	2.72697860709802	1.7668398169400514	-83.7375	43.62083333333334	274	95
0.3232919787164144	-0.4805464001779465	NA	-0.3587935392410423	-1.0063605907266298	-83.42916666666667	43.84583333333333	275	11
0.3254538432963172	-0.4805464001779465	NA	-0.3587935392410423	-1.4957516433613216	-83.8125	43.979166666666664	276	11
0.331948538790618	-0.4805464001779465	NA	-0.3587935392410423	-0.19071505924077237	-83.47916666666667	43.7625	277	11
0.3333761951667415	1.4557729181861476	-0.8291212252496184	-0.22333383313919677	0.5433668525322936	-83.5875	43.645833333333336	278	82
0.34032637411911804	1.4557729181861476	0.4102421574119926	-0.2856452966542013	-1.4957516433613216	-83.82083333333334	43.99583333333333	279	90
0.3410818197502794	0.16489337261008488	-0.47501724082265306	-0.09058333149414358	0.7064940919578763	-83.64583333333334	43.60416666666667	280	90
0.3511256718976319	-0.4805464001779465	NA	-0.17998672977029506	1.359012384018151	-83.92916666666667	43.770833333333336	281	11
0.3629030785211015	-0.4805464001779465	NA	-0.3587935392410423	1.359012384018151	-83.92083333333333	43.770833333333336	282	11
0.37262480770157846	-0.4805464001779465	NA	-0.3587935392410423	-0.2722786789535637	-83.87083333333334	43.94583333333333	283	11
0.37489971871170746	-0.4805464001779465	NA	-0.3587935392410423	1.2774487643053596	-83.70416666666667	43.612500000000004	284	11
0.38346578887793537	-0.4805464001779465	NA	-0.3587935392410423	0.053975799897601685	-83.50416666666668	43.737500000000004	285	11
0.3923301063939198	-0.4805464001779465	NA	-0.3587935392410423	-1.0063605907266298	-83.42083333333333	43.854166666666664	286	11
0.40148633960429225	-0.4805464001779465	NA	-0.3587935392410423	-0.9247969710138383	-83.47083333333335	43.80416666666667	287	11
0.40646433981884916	-0.4805464001779465	1.0594326079171732	-0.177277538231947	1.1958851445925682	-83.9375	43.770833333333336	288	11
0.42750654116036463	-0.4805464001779465	-0.12091325639568774	-0.33982918070974505	-1.4141880236485302	-83.8125	43.9875	289	95
0.4336692204762765	0.16489337261008488	NA	-0.3587935392410423	-1.1694971645101562	-83.44583333333334	43.829166666666666	290	95
0.4443631225748012	-0.4805464001779465	NA	-0.3587935392410423	0.3802396131067109	-83.60416666666667	43.65416666666667	291	11
0.4463916266635037	5.328411554914336	1.944692006151819	0.1288614027256016	-1.7404518368576394	-83.82916666666667	44.00416666666666	292	90
0.4491073791786687	0.16489337261008488	NA	-0.3587935392410423	-1.0879242104394211	-83.4375	43.8375	293	95
0.4531654426319685	-0.4805464001779465	NA	-0.3587935392410423	0.6249304722450849	-83.65416666666667	43.612500000000004	294	11
0.48717052115522963	0.16489337261008488	NA	-0.3587935392410423	-1.0063605907266298	-83.4625	43.82083333333333	295	11
0.5104969990804401	-0.4805464001779465	-0.0028787825309551807	0.058422345217886515	1.7668398169400514	-83.7375	43.612500000000004	296	82
0.5167091444539188	-0.4805464001779465	0.5282766312767252	1.0526965570011666	-0.2722786789535637	-83.87916666666666	43.94583333333333	297	11
0.5201903677212454	-0.4805464001779465	0.29220768354726007	-0.19895108345717574	1.68527619722726	-83.72083333333333	43.60416666666667	298	82
0.5229707558849644	-0.4805464001779465	NA	-0.3587935392410423	-0.10915143952798101	-83.48750000000001	43.7625	299	11
0.5236342606037948	-0.4805464001779465	1.4135360295113708	-0.24771658282121783	0.9511942854541942	-83.94583333333334	43.770833333333336	300	95
0.5323292063386703	2.101212690974179	-0.3569827669579205	-0.20436947945231612	0.46180323281950225	-83.59583333333333	43.645833333333336	301	90
0.5396024316243303	-0.4805464001779465	NA	-0.3587935392410423	-0.9247969710138383	-83.47083333333335	43.8125	302	11
0.5622416611230783	-0.4805464001779465	NA	-0.3587935392410423	0.21711237368112818	-83.52083333333334	43.74583333333334	303	11
0.5865405757853102	-0.4805464001779465	0.11515569133377739	0.03674881291110205	1.3590217183760946	-83.7125	43.612500000000004	304	11
0.5960020475482419	-0.4805464001779465	NA	-0.3587935392410423	-0.2722786789535637	-83.90416666666667	43.8875	305	11
0.6135144829312719	-0.4805464001779465	NA	-0.3587935392410423	1.5221489578016774	-83.72916666666667	43.62916666666667	306	11
0.6246163810726082	-0.4805464001779465	NA	-0.3587935392410423	-0.5169788724498816	-83.4625	43.770833333333336	307	11
0.6353650256081735	0.16489337261008488	NA	-0.3587935392410423	-1.0063605907266298	-83.4375	43.84583333333333	308	95
0.6365936305686479	-0.4805464001779465	NA	-0.3587935392410423	-1.0063605907266298	-83.42916666666667	43.854166666666664	309	11
0.6402533273716758	-0.4805464001779465	-0.12091325639568774	-0.3235740169464069	-1.4141880236485302	-83.8125	43.99583333333333	310	95
0.6406139679087101	1.4557729181861476	-0.7701037069008683	-0.13934880502129715	0.7880670460286114	-83.6375	43.60416666666667	311	82
0.6599917353452153	-0.4805464001779465	NA	-0.3587935392410423	0.13553941961039304	-83.5125	43.74583333333334	312	11
0.67213611416108765	-0.4805464001779465	0.4102421574119926	0.03674881291110205	1.6037125775144687	-83.72916666666667	43.62083333333334	313	95
0.6787015131403373	-0.4805464001779465	NA	-0.3587935392410423	-0.5985424921626729	-83.47083333333335	43.770833333333336	314	11
0.6805556328874307	-0.4805464001779465	-0.23894829309318794	-0.07161895197037438	0.6249304722450849	-83.64583333333334	43.612500000000004	315	11
0.6857776656526509	-0.4805464001779465	NA	-0.3587935392410423	-1.4957516433613216	-83.80416666666667	43.979166666666664	316	11
0.693102599457154	-0.4805464001779465	1.5315705033761033	-0.19624189191882768	0.8696306657414028	-83.95416666666667	43.770833333333336	317	82
0.7493714930796023	-0.4805464001779465	NA	-0.3587935392410423	0.21711237368112818	-83.61250000000001	43.65416666666667	318	11
0.7708524253743643	0.16489337261008488	-0.5340347591714032	-0.20436947945231612	0.3802396131067109	-83.60416666666667	43.645833333333336	319	11
0.7722179523821838	-0.4805464001779465	-0.5930517146873856	-0.3587935392410423	-1.4957516433613216	-83.80416666666667	43.9875	320	11
0.7841502207432094	0.8103331453981163	-0.5930517146873856	-0.22062464160084871	0.7065034263158201	-83.5875	43.6375	321	82
0.787679063335287	-0.4805464001779465	NA	-0.3587935392410423	1.7668398169400514	-83.47916666666667	43.770833333333336	322	11
0.7929034704712703	0.16489337261008488	0.29220768354726007	0.1559533439459707	1.7668398169400514	-83.7375	43.60416666666667	323	82
0.8001070475478762	-0.4805464001779465	NA	-0.3587935392410423	-1.0879242104394211	-83.44583333333334	43.8375	324	95
0.8307140057805231	0.8103331453981163	0.4102421574119926	-0.06349139027377447	1.68527619722726	-83.72916666666667	43.60416666666667	325	82
0.8346135140306352	-0.4805464001779465	0.23319016519850994	0.03674881291110205	1.5221489578016774	-83.72083333333333	43.612500000000004	326	95
0.8351195188221726	-0.4805464001779465	0.17417320968252747	0.03674881291110205	1.68527619722726	-83.72916666666667	43.612500000000004	327	95
0.8506457930617773	-0.4805464001779465	NA	-0.3587935392410423	1.5221489578016774	-83.92916666666667	43.7625	328	11
0.8517461820010384	-0.4805464001779465	NA	-0.3587935392410423	-0.19071505924077237	-83.87083333333334	43.9375	329	11
0.8804056285699056	-0.4805464001779465	NA	-0.3587935392410423	0.6249304722450849	-83.65416666666667	43.62083333333334	330	11
0.894855521396855	-0.4805464001779465	NA	-0.25042577435956587	1.2774487643053596	-83.9375	43.7625	331	11
0.9041978788931657	-0.4805464001779465	1.472553547860121	0.04758557906449428	0.7065034263158201	-83.9625	43.770833333333336	332	82
0.9096966577617868	2.7466524637622105	NA	-0.3587935392410423	-1.0063605907266298	-83.4375	43.854166666666664	333	90
0.9357894095356238	4.037532009338273	0.8233630973549404	-0.2124970540673603	-1.7404518368576394	-83.8125	44.00416666666666	334	90
0.9400545708832703	0.8103331453981163	-0.2979652486091704	-0.08516492258055894	0.7880670460286114	-83.6375	43.612500000000004	335	90
0.9479216526787064	1.4557729181861476	-0.7110861885521181	-0.20707867099066418	0.46180323281950225	-83.59583333333333	43.6375	336	82
0.9561939604177305	1.4557729181861476	-0.23894829309318794	-0.35337515091622823	-1.577315263074113	-83.80416666666667	43.99583333333333	337	95
0.960740880429278	0.8103331453981163	NA	-0.3587935392410423	-1.0063605907266298	-83.44583333333334	43.84583333333333	338	95
0.968926391725958	-0.4805464001779465	NA	-0.3587935392410423	-0.19071505924077237	-83.87916666666666	43.9375	339	11
0.972343375073191	1.4557729181861476	-0.5340347591714032	0.0502947835212866	-1.7404518368576394	-83.72916666666667	44.00416666666666	340	90
0.989883907176919	-0.4805464001779465	NA	-0.3587935392410423	1.1143215248797769	-83.94583333333334	43.7625	341	11
0.9917203510527751	-0.4805464001779465	NA	-0.3587935392410423	1.3590217183760946	-83.7125	43.62083333333334	342	11
1.0273984375976914	-0.4805464001779465	NA	-0.3587935392410423	1.440585338088886	-83.72083333333333	43.62083333333334	343	11
1.0381617240862966	-0.4805464001779465	NA	-0.3587935392410423	0.29867599339391954	-83.61250000000001	43.645833333333336	344	11
1.0463593710557664	-0.4805464001779465	NA	-0.3587935392410423	-1.577315263074113	-83.79583333333333	43.979166666666664	345	11
1.0714073996937912	-0.4805464001779465	NA	-0.3587935392410423	0.6249304722450849	-83.64583333333334	43.62083333333334	346	11
1.1212488716602296	-0.4805464001779465	-1.1832246468438161	-0.3587935392410423	-1.6588788827869043	-83.79583333333333	43.9875	347	11
1.1295554758658333	0.16489337261008488	0.6463111051414577	1.632464140456087	-0.3538422986663551	-83.8875	43.9375	348	11
1.1303954754780623	-0.4805464001779465	NA	3.4340782316106324	0.9511942854541942	-83.95416666666667	43.7625	349	95
1.1504312074349503	1.4557729181861476	-0.5340347591714032	1.1231356661826586	0.3802396131067109	-83.60416666666667	43.6375	350	82
1.203168620275584	2.7466524637622105	NA	-0.3587935392410423	-1.0063605907266298	-83.44583333333334	43.854166666666664	351	90
1.2185490026227381	3.3920922365502415	0.8823806157036905	-0.25042577435956587	-1.903579076283222	-83.80416666666667	44.00416666666666	352	90
1.2227645660033308	2.101212690974179	-0.47501724082265306	-0.07974653950386282	0.7064940919578763	-83.62916666666668	43.612500000000004	353	90
1.2701913029035847	-0.4805464001779465	NA	-0.3587935392410423	-1.4141880236485302	-83.72916666666667	43.99583333333333	354	11
1.2828551412786526	4.037532009338273	-0.3569827669579205	-0.3587935392410423	-1.7404518368576394	-83.79583333333333	43.99583333333333	355	90
1.2845129797093207	1.4557729181861476	-0.3569827669579205	0.0502947835212866	-1.7404518368576394	-83.7375	44.00416666666666	356	90
1.2958471704569912	-0.4805464001779465	-0.5340347591714032	-0.07161895197037438	0.6249304722450849	-83.6375	43.62083333333334	357	11
1.309767314784771	0.16489337261008488	1.7086224955895861	1.0852069071351202	0.7880670460286114	-83.9625	43.7625	358	82
1.3263303975909773	-0.4805464001779465	NA	-0.3587935392410423	0.29867599339391954	-83.62083333333334	43.645833333333336	359	11
1.3837545544992143	0.16489337261008488	-0.415999722473903	-0.301900465261956	0.29867599339391954	-83.61250000000001	43.6375	360	95
1.3872016132094478	-0.4805464001779465	NA	-0.3587935392410423	1.359012384018151	-83.9375	43.75416666666667	361	11
1.4071056994984645	-0.4805464001779465	NA	-0.3587935392410423	-1.4957516433613216	-83.78750000000001	43.979166666666664	362	11
1.4363479221802131	-0.4805464001779465	NA	-0.3587935392410423	-0.027587819815189665	-83.87916666666666	43.92916666666667	363	11
1.4669343025329122	-0.4805464001779465	NA	-0.3587935392410423	1.1958851445925682	-83.94583333333334	43.75416666666667	364	11
1.4731187469141536	-0.4805464001779465	-1.3012591207085487	-0.3587935392410423	-1.577315263074113	-83.78750000000001	43.9875	365	11
1.5176447941986855	5.328411554914336	0.7643461418389579	-0.26126255343140237	-2.066706315708805	-83.79583333333333	44.00416666666666	366	90
1.5223502694134206	0.8103331453981163	-0.8881381807656008	-0.22333383313919677	0.7065034263158201	-83.62083333333334	43.612500000000004	367	82
1.5465369291023474	0.8103331453981163	-0.17993077474443783	-0.13663962640139335	0.7064940919578763	-83.62916666666668	43.62083333333334	368	90
1.5528783457729343	-0.4805464001779465	NA	-0.3587935392410423	-1.4141880236485302	-83.7375	43.99583333333333	369	11
1.5639410667966775	0.8103331453981163	-0.7701037069008683	-0.26397174496975045	0.5433668525322936	-83.60416666666667	43.62916666666667	370	82
1.5732894921293832	0.16489337261008488	NA	9.112549276756084	-0.2722786789535637	-83.8875	43.92916666666667	371	11
1.5863759685003027	0.16489337261008488	1.7676400139383361	4.677598168269488	0.9511942854541942	-83.95416666666667	43.75416666666667	372	11
1.6070150544500197	2.101212690974179	-0.2979652486091704	0.04758557906449428	-1.8220154565704307	-83.74583333333334	44.00416666666666	373	90
1.616954434283791	1.4557729181861476	-0.6520692330361357	-0.3587935392410423	-1.7404518368576394	-83.78750000000001	43.99583333333333	374	95
1.6412067848971665	-0.4805464001779465	NA	-0.3587935392410423	0.3802396131067109	-83.62083333333334	43.6375	375	11
1.689658458510206	-0.4805464001779465	NA	-0.3587935392410423	0.6249304722450849	-83.6375	43.62916666666667	376	11
1.7412482588152882	0.16489337261008488	1.7086224955895861	1.976531711276731	0.8696306657414028	-83.9625	43.75416666666667	377	82
1.7679630957290864	-0.4805464001779465	NA	-0.3587935392410423	-1.577315263074113	-83.77916666666667	43.979166666666664	378	11
1.768619477335627	0.8103331453981163	-0.5340347591714032	-0.3127372378745704	0.5433668525322936	-83.61250000000001	43.62916666666667	379	82
1.8176747687604693	2.7466524637622105	-0.12091325639568774	-0.2910636861901196	0.5433668525322936	-83.62083333333334	43.62083333333334	380	90
1.826949060961568	-0.4805464001779465	-1.0651901729790836	-0.3587935392410423	-1.4957516433613216	-83.77916666666667	43.9875	381	95
1.8502962486762131	-0.4805464001779465	-0.9471556991143509	-0.2802269071182831	-1.4141880236485302	-83.74583333333334	43.99583333333333	382	95
1.8732260747744807	-0.4805464001779465	NA	-0.3587935392410423	-1.3326244039357389	-83.7375	43.9875	383	11
1.8818162843768012	-0.4805464001779465	NA	-0.3587935392410423	1.5221489578016774	-83.9375	43.74583333333334	384	11
1.9121784186018638	-0.4805464001779465	NA	-0.2910636861901196	0.5433668525322936	-83.62916666666668	43.62916666666667	385	11
1.9128783303390633	-0.4805464001779465	NA	-0.3587935392410423	0.053975799897601685	-83.87916666666666	43.920833333333334	386	11
1.91746666992948	-0.4805464001779465	NA	-0.3587935392410423	0.3802396131067109	-83.62916666666668	43.6375	387	11
1.9370095880435152	2.7466524637622105	-0.415999722473903	-0.04723621520679759	-1.9851426959960135	-83.75416666666668	44.00416666666666	388	90
1.9504118557259416	-0.4805464001779465	NA	5.731474929775976	1.2774487643053596	-83.94583333333334	43.74583333333334	389	11
1.9563855087472046	0.8103331453981163	-0.7701037069008683	-0.3479567625914141	-1.6588788827869043	-83.77916666666667	43.99583333333333	390	95
1.9985356023546843	0.8103331453981163	-0.17993077474443783	-0.2910636861901196	0.46180323281950225	-83.62083333333334	43.62916666666667	391	95
2.031823488997969	-0.4805464001779465	NA	8.440668638422672	-0.027587819815189665	-83.8875	43.920833333333334	392	11
2.054020425987326	0.8103331453981163	1.8856744878030687	2.8543106481557117	1.1143215248797769	-83.95416666666667	43.74583333333334	393	90
2.1047520231709944	0.8103331453981163	-0.6520692330361357	-0.22062464160084871	0.7064940919578763	-83.61250000000001	43.62083333333334	394	82
2.128899637651815	-0.4805464001779465	NA	-0.3587935392410423	-1.577315263074113	-83.77083333333334	43.979166666666664	395	11
2.128583318702361	-0.4805464001779465	NA	-0.3587935392410423	-0.10915143952798101	-83.89583333333334	43.9125	396	11
2.1452052331397	-0.4805464001779465	-1.0651901729790836	-0.3587935392410423	-1.4141880236485302	-83.74583333333334	43.9875	397	11
2.1589333172546334	-0.4805464001779465	-1.0061726546303333	-0.3046096568003041	-1.4957516433613216	-83.75416666666668	43.99583333333333	398	95
2.1818465227575587	-0.4805464001779465	NA	2.122828235205746	-0.3538422986663551	-83.89583333333334	43.920833333333334	399	11
2.182186585414645	0.16489337261008488	-1.0651901729790836	-0.3587935392410423	-1.577315263074113	-83.77083333333334	43.9875	400	95
2.1897579261405746	0.16489337261008488	1.7086224955895861	1.9494397700563622	0.9511942854541942	-83.9625	43.74583333333334	401	82
2.260675895915108	-0.4805464001779465	NA	-0.3587935392410423	0.053975799897601685	-83.8875	43.9125	402	11
2.299750124108336	0.16489337261008488	-0.8291212252496184	-0.35066595655197047	-1.6588788827869043	-83.77083333333334	43.99583333333333	403	95
2.3503363570375013	-0.4805464001779465	NA	-0.3587935392410423	1.8484034366528428	-83.92916666666667	43.737500000000004	404	11
2.3778495101656856	-0.4805464001779465	NA	-0.3587935392410423	1.6037125775144687	-83.9375	43.737500000000004	405	11
2.4312646739497286	-0.4805464001779465	-1.0651901729790836	-0.3587935392410423	-1.4141880236485302	-83.75416666666668	43.9875	406	11
2.476230507463402	0.16489337261008488	-1.0061726546303333	-0.3587935392410423	-1.577315263074113	-83.7625	43.99583333333333	407	95
2.4805136085012593	-0.4805464001779465	NA	-0.3587935392410423	-1.3326244039357389	-83.74583333333334	43.979166666666664	408	11
2.4898942197487552	-0.4805464001779465	NA	-0.3587935392410423	-1.4141880236485302	-83.7625	43.979166666666664	409	11
2.5384675139086657	0.16489337261008488	-1.0651901729790836	-0.3587935392410423	-1.4957516433613216	-83.7625	43.9875	410	95
2.744495622317013	-0.4805464001779465	NA	-0.3587935392410423	-1.4141880236485302	-83.75416666666668	43.979166666666664	411	11
