x	y	occurrence	id	boat	elev	nit	phos	pop	land
-83.43557	45.06628	1	10	-0.8741175741649972	-0.7459482853118027	NA	-1.9619981233979256	2.410995483798153	Developed, Medium Intensity
-83.33749999999999	44.545833333333334	0	background_33	-0.2621302754891137	-0.5220440648410049	-0.09443124609206119	-0.8626862063655717	-0.43365680565175624	Woody Wetlands
-83.265154	42.023454	1	27	-0.40295711349248353	-0.7255933561780938	-1.0050178850687197	-0.08928782979861344	-0.34156836330459867	Cultivated Crops
-83.30416666666666	44.8375	0	background_28	-0.5854079045997657	-0.8070130727129293	NA	-1.9058629152944366	-0.4279700704162815	Open Water
-83.57916666666667	43.65416666666667	0	background_2	-0.5944279943423507	-0.7663032144455116	-0.1450193457973864	0.666125789771146	-0.4215495617072473	Cultivated Crops
-83.87916666666666	42.079166666666666	0	background_8	2.6283322812399588	0.9231559036523269	-1.0556059847740449	-0.08928782979861344	-0.44099452989065246	Cultivated Crops
-83.338339	41.91999	1	23	-0.9775102609305897	-0.8477229309803471	-1.1820763546489015	-0.08928782979861344	-0.4101760877373983	Open Water
-84.248499	46.2076	1	26	-0.503740227577698	-0.8070130727129293	-0.9291356148991883	-0.08928782979861344	-0.45970572634994794	Open Water
-83.877927	43.953922	1	7	-0.473912934090417	-0.8070130727129293	0.5379206032822216	-0.12382697598882236	-0.4209992302899903	Open Water
-83.505506	42.484122	1	3	0.41062391074340465	1.6762882815995561	-0.04384314638673598	-0.08928782979861344	-0.14876966172671927	Developed High Intensity
-83.50416666666666	42.15416666666667	0	background_19	0.18554949990165137	-0.11494548216682689	-0.3726659150828934	-0.08928782979861344	-0.32964456141639226	Cultivated Crops
-82.97083333333333	42.44583333333333	0	background_20	0.4098379024847004	-0.5220440648410049	NA	0.36204055909246324	4.154438807745817	Developed, Medium Intensity
-84.14583333333333	42.6875	0	background_31	2.8660342501442515	1.1470601241231246	2.207329340896476	-0.08928782979861344	-0.32414126823722006	Woody Wetlands
-82.608581	42.554119	1	28	-0.2788083559797962	-0.8273680018466383	-0.3726659150828934	0.7190613597900033	-0.11061349008621943	Open Water
-84.254	46.2017	1	25	-0.6055734452566803	-0.8273680018466383	-0.9038415650465257	-0.10229969134278208	-0.45952228324124206	Emergent Herbaceous Wetlands
-84.130298	42.347154	1	21	-0.9411833042310819	1.5948685650647205	1.2208605523618297	-0.08928782979861344	-0.3727536913199077	Deciduous Forest
-83.16939	42.09043	1	24	-0.6463264255330045	-0.8273680018466383	-0.5497246258861622	0.038700683902618736	-0.21811116138252817	Open Water
-84.094795	42.353192	1	19	-0.770338556063086	1.6152234941984294	1.4990954625757489	-0.08928782979861344	-0.3714695951763402	Woody Wetlands
-83.1375	42.3125	0	background_16	-0.15238830118868807	-0.7052384270443849	-0.4991362849577499	0.09259116148692063	2.0173266231672837	Developed, Medium Intensity
-83.44583333333333	44.4125	0	background_11	-0.5186227005802247	-0.37955956090504256	0.032039123782795366	-0.7359207318948202	-0.45970572634994794	Woody Wetlands
-84.1875	42.395833333333336	0	background_18	0.19596299137462858	1.5745136359310115	1.2461547228260357	-0.08928782979861344	-0.4397104284987356	Cultivated Crops
-83.2592	41.9563	1	14	-0.15558358815372242	-0.8273680018466383	-0.8279592948769944	-0.08928782979861344	-0.4367753381033972	Emergent Herbaceous Wetlands
-83.27083333333333	42.479166666666664	0	background_14	1.3798285074475605	-0.05388069476570019	-0.726783095466344	-0.08928782979861344	1.2692455474399815	Developed, Low Intensity
-84.250428	46.176863	1	17	-0.23938342007318428	-0.7459482853118027	-0.7014889250021378	-0.10258476813163087	-0.45622030738020847	Woody Wetlands
-83.492369	42.481681	1	33	0.5531820738308404	1.5338037776635938	-0.3473719858417743	-0.08928782979861344	0.4540243956950865	Developed, Medium Intensity
-83.99583333333332	43.270833333333336	0	background_34	0.7271038583641732	-0.7459482853118027	0.8161555134961408	4.640828853735313	-0.4582381814803006	Cultivated Crops
-84.244842	46.182869	1	15	-0.1808653632022366	-0.8070130727129293	-0.7520771453190066	-0.08928782979861344	-0.45622030738020847	Open Water
-83.533626	42.469487	1	34	0.8717259381046617	1.5745136359310115	-0.17031351626159252	-0.08928782979861344	0.4833752366682784	Open Water
-83.7875	42.3125	0	background_10	0.4852960712647411	1.065640407588289	-0.11972517533318025	-0.08928782979861344	0.15519558726251526	Developed, Open Space
-83.9125	43.1625	0	background_22	2.7171271354459168	-0.13530041130053577	1.2208605523618297	2.8092792626490155	-0.36193055226621523	Deciduous Forest
-84.01249999999999	42.545833333333334	0	background_15	0.31005492801094436	1.513448848529885	2.1567414824142377	-0.08928782979861344	-0.3124009066558664	Pasture/Hay
-84.248621	46.208809	1	32	-0.5433874215088856	-0.8273680018466383	-0.8532534653412005	-0.08928782979861344	-0.4589719539151243	Emergent Herbaceous Wetlands
-84.0375	43.0125	0	background_32	4.2365928950065515	0.31250802964105995	1.0438020827816479	2.847685884156474	-0.4351243508494254	Cultivated Crops
-84.244439	46.191642	1	16	-0.3093467547505811	-0.7663032144455116	-0.8279592948769944	-0.08928782979861344	-0.45622030738020847	Woody Wetlands
-84.14583333333333	42.34583333333333	0	background_9	-0.8111831871382847	1.696643210733265	1.094390182486973	-0.08928782979861344	-0.4006370448272733	Deciduous Forest
-83.97083333333333	42.27916666666667	0	background_29	-0.03538761801600341	1.2488347697916693	0.3102740339967146	-0.08928782979861344	-0.421366117901495	Cultivated Crops
-84.1625	42.55416666666667	0	background_7	1.5851993939748377	1.4523840611287582	2.0555652830035873	-0.08928782979861344	-0.4347574632379208	Cultivated Crops
-82.611636	42.570912	1	4	-0.5165654486580309	-0.8273680018466383	-0.3473719858417743	0.7190613597900033	-0.44356273267448626	Emergent Herbaceous Wetlands
-84.10416666666666	42.295833333333334	0	background_30	-0.6093486928012225	1.920547431204063	0.866743613201466	-0.08928782979861344	-0.355510043557181	Pasture/Hay
-82.580138	42.578322	1	29	-0.5444339992450377	-0.8070130727129293	-0.47384235571663086	0.7190613597900033	-0.4021045917743923	Woody Wetlands
-83.923188	43.846815	1	5	-0.8556853580114062	-0.7866581435792205	0.9932139830763226	0.03581801931048332	-0.4507170139823551	Open Water
-83.55635	45.111428	1	31	0.6727072710563173	-0.21672012783537137	-0.5244304554219561	-2.023547796945564	-0.2815824732498611	Open Water
-83.63749999999999	42.729166666666664	0	background_25	-0.33055504629818694	1.7780629272681006	1.8532124017361122	-0.08928782979861344	-0.36523252677415874	Woody Wetlands
-84.12916666666666	42.4625	0	background_24	0.276439659493094	1.5745136359310115	1.6002716619863993	-0.08928782979861344	-0.4430124030066791	Cultivated Crops
-84.37916666666666	45.9875	0	background_3	-0.7475545501474016	-0.6441736396432582	-0.6003127255914874	-0.5692066296496555	-0.3406511477747366	Woody Wetlands
-83.88294	43.94957	1	22	-0.3354919779305525	-0.8070130727129293	0.5379206032822216	-0.11389414311861856	-0.3641318709374439	Open Water
-83.879072	45.007272	1	13	-0.5947558991006044	0.19037845483880658	-0.726783095466344	-1.8458338174159903	-0.4356746787677828	Open Water
-84.073433	42.364635	1	18	-0.9754817614097904	1.6355784233321382	1.2461547228260357	-0.08928782979861344	-0.43659189429764483	Woody Wetlands
-82.60384	42.59492	1	6	-0.952167156921217	-0.8070130727129293	-0.47384235571663086	0.7190613597900033	-0.39128144922180025	Open Water
-82.805278	42.578056	1	12	-0.9087273065235102	-0.7459482853118027	-0.5244304554219561	0.6314899566980058	-0.43659189429764483	Woody Wetlands
-83.2875	44.82083333333333	0	background_26	-0.785247687989048	-0.8070130727129293	NA	-1.9115619591414401	-0.45970572634994794	Open Water
-83.50416666666666	41.75416666666667	0	background_13	-0.5538825666844492	-0.7866581435792205	-1.3591349448406267	-0.08928782979861344	-0.3406511477747366	Cultivated Crops
-83.72916666666666	42.295833333333334	0	background_17	-0.40640553123536205	1.0045756201871625	-0.6003127255914874	-0.08928782979861344	4.0436389030229964	Developed, Low Intensity
-83.42161	41.82441	1	20	-0.463835689038833	-0.8477229309803471	NA	-0.08928782979861344	-0.07025600677229005	Open Water
-83.6125	42.145833333333336	0	background_5	0.3759879494440926	-0.09459055303311799	-0.7014889250021378	-0.08928782979861344	-0.3762391131325031	Cultivated Crops
-82.89583333333333	42.520833333333336	0	background_27	0.09164464605231648	-0.684883497910676	NA	0.4832928876921563	2.9494009998271657	Developed, Medium Intensity
-84.02916666666667	42.57083333333333	0	background_21	0.8546841783004059	1.3098995571927958	2.283211852289094	-0.08928782979861344	-0.15775836272288854	Pasture/Hay
-83.541594	45.110733	1	30	0.478763603064775	-0.17601026956795357	-0.32207781537756813	-2.0184184082902634	-0.4017377041628877	Woody Wetlands
-82.584906	42.573383	1	2	-0.4611067182425977	-0.8273680018466383	-0.5497246258861622	0.7190613597900033	-0.45493620576961036	Woody Wetlands
-84.257909	46.208379	1	11	-0.6561445630481031	-0.8477229309803471	-0.8785475151938631	-0.1022049980038288	-0.45383554687135846	Emergent Herbaceous Wetlands
-83.20012	42.087109	1	8	-0.8132786645168236	-0.7866581435792205	-0.7520771453190066	-0.015188796909694189	0.9786716227937754	Developed, Medium Intensity
-83.5625	42.295833333333334	0	background_1	0.6492945445301967	0.31250802964105995	-0.8279592948769944	-0.08928782979861344	-0.4494329125904382	Cultivated Crops
-83.74583333333332	43.59583333333333	0	background_4	-0.2078085051599309	-0.7866581435792205	0.38615630416624597	0.7169840869649652	-0.3613802243478578	Cultivated Crops
-83.262458	41.975014	1	9	-0.5607365329013918	-0.8273680018466383	-0.9797238352160571	-0.08928782979861344	-0.13684585983851286	Open Water
-83.59583333333333	41.8375	0	background_23	1.2259050433239813	-0.35920463177133366	-0.9797238352160571	-0.08928782979861344	-0.3155194478547563	Cultivated Crops
-84.40416666666667	42.25416666666667	0	background_12	0.21616864941148692	1.4116742028613405	NA	-0.08928782979861344	1.636315157704852	Developed High Intensity
-83.505053	43.709729	1	1	-0.7129383035519525	-0.8070130727129293	NA	0.6892538902314911	-0.45970572634994794	Emergent Herbaceous Wetlands
-83.39583333333333	41.92916666666667	0	background_6	-0.5493124962371637	-0.6441736396432582	-1.1061942050909137	-0.08928782979861344	0.7119454138887685	Developed, Low Intensity
