x	y	occurrence	id	boat	elev	nit	phos	pop	solar	wc18	wind	land
-83.18938	42.04825	1	1	-0.854580718880083	-0.44341762527635403	NA	0.2618841475781244	0.5297108449331764	1.3019509702977576	1.2093764939530443	1.3396214844315422	Open Water
-83.215713	42.049467	1	2	-1.0362791031135514	-0.44341762527635403	-0.7770352986900212	0.2117376863877689	0.4810040465022736	1.1880281428700932	1.278901692071557	1.2536012366321425	Open Water
-83.207305	42.045276	1	3	-0.8643301115578624	-0.4103994496581342	-0.661829991687972	0.22845317345122074	-0.14387554379552797	1.2303193629418954	1.2093764939530443	1.2536012366321425	Emergent Herbaceous Wetlands
-83.200001	42.082172	1	4	-0.8751436925284533	-0.27832674718525485	-0.3930178528349074	0.22845317345122074	-0.29171499819046404	0.9977252379625171	1.278901692071557	1.2536012366321425	Deciduous Forest
-83.215321	42.051374	1	5	-0.7127947793245824	-0.4103994496581342	-0.5850265757624643	0.2117376863877689	0.03834520193906787	1.1163965355142307	1.278901692071557	1.2536012366321425	Developed, Low Intensity
-83.191273	42.054024	1	6	-1.0190270604681542	-0.44341762527635403	NA	0.2618841475781244	0.8136428462146578	1.2639783801364326	1.278901692071557	1.3109486153983296	Open Water
-83.218887	42.055541	1	7	-0.6654590324287557	-0.9056720839314317	-0.4314195607976613	0.1950209626058306	-0.38511745077152443	1.0792836257800498	1.2093764939530443	1.2249283675989298	Open Water
-83.198898	42.081435	1	8	-1.1106415758159047	-0.4103994496581342	-0.3162144369093997	0.24516866051467257	-0.03270943039785828	1.0861863539156482	1.278901692071557	1.2536012366321425	Emergent Herbaceous Wetlands
-83.234614	41.994032	1	9	-0.6655907772028679	-0.4764358008945738	-0.9690440216175781	0.16158998847892694	-0.39084766303472507	1.085326673488504	1.3484268901900698	1.2536012366321425	Emergent Herbaceous Wetlands
-83.504366	43.710427	1	10	-0.5499172751387723	-0.4103994496581342	NA	1.10247180910015	-0.39743740621522833	0.31418827339652955	-1.9192574213800302	-0.9255696238872555	Emergent Herbaceous Wetlands
-83.469961	41.765983	1	11	-0.3967208411777396	-0.5094539765127937	-1.122651036582381	0.1365167578837492	-0.3719379657767068	1.271310948485603	1.4874772864270953	0.8808490171010925	Open Water
-83.43992	45.07665	1	12	-0.6272950859098501	-0.047199517857716006	-0.047402298056335154	-2.1976057326782805	-0.3381297141752267	-1.110711806820111	-0.45922826089126206	-0.03669673790968785	Developed, Medium Intensity
-82.61644	42.56992	1	13	-0.15730538303696134	-0.44341762527635403	0.067803008945714	1.1394546387202642	-0.3722244747162854	0.8039684405152973	-0.25065266653572377	1.0528895126998918	Emergent Herbaceous Wetlands
-83.103333	42.288485	1	14	-0.4366384331433744	-0.37738127403991434	-0.8154370066527751	0.42904025493112913	-0.39743740621522833	-0.24679366086452845	1.2093764939530443	1.13890811979953	Developed High Intensity
-83.235353	41.991217	1	15	-0.5559311554294072	-0.3443630984216945	-0.7002318827645134	0.16158998847892694	0.44547675219283295	1.150055552708768	1.4179520883085825	1.3109486153983296	Emergent Herbaceous Wetlands
-83.196138	42.064587	1	16	-0.773248523164021	-0.4103994496581342	-0.661829991687972	0.24516866051467257	-0.2983047502511952	1.1707687940592524	1.278901692071557	1.2536012366321425	Developed, Open Space
-83.231868	41.990965	1	17	-0.731726180987391	-0.4103994496581342	-0.5850265757624643	0.17830547554237877	0.5122336821266346	1.27562957839608	1.3484268901900698	1.368294353464755	Open Water
-83.197234	42.067442	1	18	-0.8054185982641838	-0.4103994496581342	-0.5466248677997104	0.24516866051467257	-0.3206525732277072	1.1703338969019912	1.2093764939530443	1.2536012366321425	Developed, Open Space
-84.24397	46.19217	1	19	0.03434419119182726	-0.4103994496581342	NA	0.1365167578837492	-0.3919937052824369	-1.7295198921658343	-0.25065266653572377	-0.35210321937431244	Open Water
-84.24341	46.19087	1	20	0.25699079622782406	-0.3443630984216945	-0.661829991687972	0.1365167578837492	-0.3919937052824369	-1.6954259778140361	-0.25065266653572377	-0.35210321937431244	Woody Wetlands
-82.61214	42.56075	1	21	0.060198318660385254	-0.44341762527635403	0.029401484096747726	1.1394546387202642	-0.2865578099542707	0.881643095579614	-0.32017786465423653	1.0528895126998918	Open Water
-82.6057	42.57559	1	22	-0.426981046889408	-0.44341762527635403	-0.08580382290530142	1.1394546387202642	-0.37623562309559755	0.7228449498550258	-0.25065266653572377	1.0242150029669177	Emergent Herbaceous Wetlands
-82.584756	42.57334	1	23	-0.04642571438963533	-0.44341762527635403	-0.23941102098389203	1.1394546387202642	-0.38998813143432803	0.8151897985613726	-0.25065266653572377	1.0528895126998918	Woody Wetlands
-83.336578	41.9275	1	24	-0.7763558085540904	-0.37738127403991434	-1.2378561604706426	0.1365167578837492	1.4992626267999314	1.1332260441114994	1.4179520883085825	1.0815623817331046	Developed, Low Intensity
-83.342999	41.9118	1	25	-0.7542599962794196	-0.4764358008945738	-0.9306423136548242	0.1365167578837492	-0.2261040821559545	1.0922294016241025	1.4179520883085825	1.0815623817331046	Open Water
-83.19923	42.04018	1	26	-1.0875724748441986	-0.5094539765127937	NA	0.24516866051467257	-0.3361241434010429	1.3243886294462195	1.278901692071557	1.3109486153983296	Open Water
-83.50123	42.483999	1	27	1.6964415053906983	3.6178179757646856	0.5286238707263354	0.1365167578837492	0.08819802519877405	-0.044839557697304876	0.44459931464940383	0.45074941880385544	Developed High Intensity
-83.20723	42.03819	1	28	-0.993477095791704	-0.4764358008945738	-0.7770352986900212	0.22845317345122074	-0.35417430769247527	1.1793959399928282	1.278901692071557	1.2536012366321425	Open Water
-83.207779	42.089398	1	29	-0.750529620434039	-0.37738127403991434	-0.5466248677997104	0.22845317345122074	1.8490919738165446	0.951120444923927	1.278901692071557	1.2536012366321425	Developed, Medium Intensity
-83.217084	42.022324	1	30	-0.2823207286513506	-0.37738127403991434	-1.0458474375430857	0.1950209626058306	-0.39743740621522833	0.9701092684764341	1.4179520883085825	1.2822757463651169	Emergent Herbaceous Wetlands
-83.215646	42.017217	1	31	-0.37937024785343676	-0.4764358008945738	-1.0074457295803319	0.2117376863877689	-0.39743740621522833	1.0352679879102702	1.278901692071557	1.2822757463651169	Emergent Herbaceous Wetlands
-83.461329	41.784587	1	32	-0.4708923752978083	-0.4103994496581342	-1.0458474375430857	0.1365167578837492	-0.3690728599866537	1.3304316771546738	1.4179520883085825	0.8808490171010925	Emergent Herbaceous Wetlands
-83.457245	41.786401	1	33	-0.5662052275803348	-0.44341762527635403	-1.0074457295803319	0.1365167578837492	-0.39342625817746346	1.4396060344582895	1.4179520883085825	0.9095218861343052	Open Water
-83.91723	43.85875	1	34	-0.8225106451557674	-0.37738127403991434	1.6806762082916766	0.25913863253810787	-0.31778746743765407	-0.2761391050922778	-0.9459046477208515	-1.5277088974334112	Emergent Herbaceous Wetlands
-83.91937	43.8575	1	35	-1.0895586186541162	-0.37738127403991434	NA	0.27543858219009776	-0.3507361840232649	-0.29339845390311853	-0.9459046477208515	-1.5277088974334112	Open Water
-83.46055	41.782232	1	36	-0.18068872645804432	-0.4764358008945738	-1.122651036582381	0.1365167578837492	-0.36649426313617917	1.2182332675249867	1.4179520883085825	0.8808490171010925	Emergent Herbaceous Wetlands
-83.923305	43.846836	1	37	-0.8353141095106144	-0.37738127403991434	2.103095545223332	0.2917385318420876	-0.3833983875707303	-0.1721430581262834	-1.084955043957877	-1.5277088974334112	Open Water
-83.92947	43.84862	1	38	-0.80454338742631	-0.3443630984216945	2.371907684076396	0.2993097224164034	-0.2940070915661155	-0.28347673038513743	-1.0154298458393642	-1.556381766466624	Woody Wetlands
-83.928369	43.789035	1	39	-0.5527315412384266	-0.4103994496581342	1.9110868222957749	0.4189746031695551	-0.3733705186717333	-0.26189875166381976	-1.1544802420763898	-1.5277088974334112	Emergent Herbaceous Wetlands
-83.21838	41.99466	1	40	-1.1378712111409612	-0.4764358008945738	-0.9690440216175781	0.1950209626058306	-0.3942857897778605	1.1448772423711469	1.3484268901900698	1.368294353464755	Open Water
-83.92664	43.79634	1	41	-0.8732218951873273	-0.37738127403991434	1.9494887133723164	0.40187944353074967	-0.36334264840654745	-0.23384788502047565	-1.1544802420763898	-1.5277088974334112	Emergent Herbaceous Wetlands
-83.208346	42.087801	1	42	-0.5562506096418708	-0.3443630984216945	-0.46982126876041513	0.2117376863877689	-0.3805332817806772	0.839786772665073	1.278901692071557	1.2536012366321425	Deciduous Forest
-83.233277	41.994878	1	43	-0.9082187231267462	-0.4764358008945738	-0.9690440216175781	0.17830547554237877	-0.39084766303472507	1.103450759670178	1.3484268901900698	1.2822757463651169	Open Water
-83.93363	43.78203	1	44	-0.18033548712569422	-0.44341762527635403	1.9878902382212826	0.4500026332772011	-0.38110630375840115	-0.44055045831174827	-1.084955043957877	-1.5277088974334112	Emergent Herbaceous Wetlands
-83.93185	43.77729	1	45	-0.22840191246038913	-0.4103994496581342	1.719078099368218	0.4360697628083606	-0.37566260248406247	-0.3387086693573033	-1.1544802420763898	-1.5277088974334112	Open Water
-84.24963	46.17782	1	46	0.5138660260701464	-0.4103994496581342	-0.5466248677997104	0.1365167578837492	-0.3919937052824369	-1.653139814685923	-0.32017786465423653	-0.35210321937431244	Open Water
-84.17193	46.18208	1	47	2.1289677227035493	-0.3113449228034747	-0.6234282837252182	0.1365167578837492	-0.38769604625581	-1.4973556074000283	-0.3897030627727493	-0.35210321937431244	Evergreen Forest
-83.92124	43.8256	1	48	-0.1887764371292945	-0.37738127403991434	2.410309575152938	0.32433843114606736	-0.30346193848738856	-0.2325533074360704	-1.084955043957877	-1.4990352080503178	Open Water
-83.9166	43.82852	1	49	-0.1435131451384644	-0.4103994496581342	NA	0.3151755838796339	-0.39743740621522833	-0.151859656989371	-1.084955043957877	-1.470362339017105	Open Water
-83.92154	43.82339	1	50	-0.44651903330010234	-0.3443630984216945	2.640719822929461	0.3406383807980572	0.050665121861860334	-0.2554258637417933	-1.084955043957877	-1.4990352080503178	Open Water
-83.94027	43.76874	1	51	0.13287011153623055	-0.4103994496581342	1.7574799904447596	0.4678930029028221	-0.37824119796834804	-0.4219965319165023	-1.0154298458393642	-1.5277088974334112	Open Water
-83.92122	43.8348	1	52	-0.5134247464147601	-0.3443630984216945	2.295104268150889	0.3080384814940775	-0.3395622670702533	-0.18249967880152565	-1.084955043957877	-1.4990352080503178	Open Water
-83.92476	43.79935	1	53	-0.841506135385689	-0.4103994496581342	NA	0.38953699303554035	-0.39743740621522833	-0.13114641563888652	-1.2240054401949025	-1.4990352080503178	Open Water
-83.342291	41.895908	1	54	-0.9596175175414413	-0.4103994496581342	-0.9306423136548242	0.1365167578837492	-0.39743740621522833	1.0227520522797895	1.557002484545608	1.0815623817331046	Developed High Intensity
-83.92329	43.80983	1	55	-0.75788914571598	-0.37738127403991434	2.448711100001904	0.3569383304500471	0.10023146077338814	-0.21442922125439648	-1.084955043957877	-1.4990352080503178	Open Water
-83.92435	43.80338	1	56	-0.99726588636727	-0.4103994496581342	NA	0.37323704338355046	0.2558067139168811	-0.193715979903912	-1.1544802420763898	-1.4990352080503178	Open Water
-83.335911	41.893598	1	57	-1.0394960182087996	-0.4764358008945738	NA	0.1365167578837492	-0.39743740621522833	1.2018386560849792	1.4179520883085825	1.1102352507663173	Emergent Herbaceous Wetlands
-83.93313	43.77303	1	58	0.09680514081159615	-0.4103994496581342	NA	0.453164922447166	-0.3785277082741156	-0.3538137601565946	-1.084955043957877	-1.5277088974334112	Open Water
-83.19007	42.112397	1	59	-0.4975150927519775	-0.37738127403991434	-0.7386335907272673	0.2618841475781244	-0.38912859915083653	1.001608970715733	1.2093764939530443	1.2536012366321425	Open Water
-83.342858	41.904583	1	60	-0.6995828202027617	-0.44341762527635403	-0.8922406056920703	0.1365167578837492	-0.39743740621522833	1.1983847635453353	1.4179520883085825	1.0815623817331046	Emergent Herbaceous Wetlands
-83.338595	41.902021	1	61	-0.7286721952775496	-0.44341762527635403	-1.0458474375430857	0.1365167578837492	-0.39629136388212977	1.2920241898360876	1.4179520883085825	1.1102352507663173	Emergent Herbaceous Wetlands
-84.17689	46.18405	1	62	1.793082422366778	-0.4103994496581342	NA	0.1365167578837492	-0.38769604625581	-1.5038284953220546	-0.3897030627727493	-0.35210321937431244	Open Water
-84.17418	46.18354	1	63	2.0056453296742105	-0.4103994496581342	NA	0.1365167578837492	-0.38769604625581	-1.4874338838820471	-0.45922826089126206	-0.35210321937431244	Open Water
-83.153099	42.097162	1	64	0.1625968046422614	-0.37738127403991434	-0.3930178528349074	0.3287460958319317	0.2495034899223732	1.2316139405263005	1.278901692071557	1.3396214844315422	Open Water
-82.6312	42.59039	1	65	-0.8162129440679182	-0.44341762527635403	-0.047402298056335154	1.1394546387202642	-0.3077595971724682	0.8126006433925621	-0.32017786465423653	0.9955421339337049	Emergent Herbaceous Wetlands
-84.2624	46.21131	1	66	-0.6609134293775645	-0.44341762527635403	-0.6234282837252182	0.08843809000281157	-0.38998813143432803	-1.815391852950155	-0.18112746841721103	-0.35210321937431244	Emergent Herbaceous Wetlands
-83.218488	42.049464	1	67	-0.9161877560422628	-0.44341762527635403	-0.5850265757624643	0.1950209626058306	0.5875859294305955	1.1194155308966134	1.278901692071557	1.2536012366321425	Open Water
-83.869601	43.961295	1	68	-0.4742243360334842	-0.3443630984216945	1.9878902382212826	0.08489860169446596	-0.3765221334013651	-0.38186462679993866	-0.806854251483826	-1.3843420912177054	Woody Wetlands
-83.82922	43.98744	1	69	-0.2856143909877658	-0.4103994496581342	0.7590344847304338	0.08003706132405837	-0.39743740621522833	-0.5475705576038145	-0.806854251483826	-1.3843420912177054	Open Water
-83.83726	43.983858	1	70	-0.48221077731230105	-0.4103994496581342	NA	0.07409215555948209	-0.33239950259512047	-0.5199495311740424	-0.806854251483826	-1.3843420912177054	Open Water
-83.85043	43.97362	1	71	-0.9264159216944133	-0.4103994496581342	NA	0.08207888354525983	-0.3765221334013651	-0.4448640312785362	-0.806854251483826	-1.3843420912177054	Open Water
-83.823686	44.007746	1	72	0.30821264859924596	-0.21229039594881519	1.9878902382212826	0.0724646340312561	-0.39084766303472507	-0.393080927902325	-0.806854251483826	-1.3843420912177054	Woody Wetlands
-83.899689	43.919455	1	73	1.2899110895351402	-0.4103994496581342	NA	0.14379113602130644	-0.13499372021816783	-0.23428278217773682	-0.8763794496023387	-1.4990352080503178	Open Water
-83.898076	43.925189	1	74	1.0045839745837255	-0.3443630984216945	1.9110868222957749	0.12987681632976333	8.122986021541499e-4	-0.32792220846848896	-0.7373290533653132	-1.4990352080503178	Woody Wetlands
-83.574913	45.093211	1	75	2.1374062656248167	0.5801458188884608	-0.20100912990735056	-2.2515798375843348	-0.39743740621522833	-0.9829784661775604	-0.5287534590097749	-0.20873641315860653	Open Water
-83.55939	45.11416	1	76	2.420914486004836	0.5141094676520211	-0.16260723883080913	-2.266546604707884	-0.18971723643637775	-0.962695065040648	-0.45922826089126206	-0.20873641315860653	Open Water
-83.56595	45.097767	1	77	2.1192217902066237	0.5141094676520211	-0.3162144369093997	-2.2488695690211835	-0.39743740621522833	-0.9657191173667197	-0.5287534590097749	-0.20873641315860653	Open Water
-83.795716	43.636032	1	78	-0.5999973537957605	-0.4103994496581342	0.989445098734532	1.352447243338193	-0.39084766303472507	0.10792059726251808	-1.5716314307874664	-1.3556692221844926	Open Water
-83.791333	43.633546	1	79	-0.7712044374436621	-0.4103994496581342	0.9510432076579906	1.3137206406521225	-0.3971508956319537	0.1881844074956454	-1.5021062326689536	-1.3556692221844926	Open Water
-83.77563	43.63565	1	80	-0.8433633283563451	-0.4103994496581342	NA	1.2749952746845383	-0.39743740621522833	0.22011394994851624	-1.5021062326689536	-1.3556692221844926	Open Water
-83.446201	41.777612	1	81	-0.2474834558837111	-0.44341762527635403	-1.0074457295803319	0.1365167578837492	-0.39743740621522833	1.4171683753098276	1.4179520883085825	0.9668692649004922	Emergent Herbaceous Wetlands
-83.44418	41.771244	1	82	0.07656132049039792	-0.4764358008945738	-1.0458474375430857	0.1365167578837492	-0.39743740621522833	1.354163913887541	1.4179520883085825	0.9668692649004922	Emergent Herbaceous Wetlands
-83.9487	43.763236	1	83	0.5130926649034826	-0.4103994496581342	NA	0.5013066629709149	-0.39743740621522833	-0.34993002740337875	-1.1544802420763898	-1.5277088974334112	Open Water
-83.436015	41.759236	1	84	0.18959464008784202	-0.44341762527635403	-0.7386335907272673	0.1365167578837492	-0.39743740621522833	1.4577301206399633	1.4874772864270953	0.9668692649004922	Emergent Herbaceous Wetlands
-83.441302	41.767341	1	85	0.12214853698945274	-0.5094539765127937	-0.7770352986900212	0.1365167578837492	-0.39743740621522833	1.4719704740684214	1.4874772864270953	0.9668692649004922	Open Water
-83.954282	43.762759	1	86	0.6046659858310409	-0.4103994496581342	NA	0.5168287166949	0.0036774043922072615	-0.429763997422934	-1.0154298458393642	-1.556381766466624	Emergent Herbaceous Wetlands
-83.191986	42.055183	1	87	-1.0451095383812377	-0.4103994496581342	-0.661829991687972	0.24516866051467257	-0.08886552137011722	1.1478962377535296	1.3484268901900698	1.2536012366321425	Developed, Open Space
-83.196903	42.04319	1	88	-0.8658645620696538	-0.4103994496581342	-0.46982126876041513	0.24516866051467257	-0.22467152926092795	1.289435034667277	1.2093764939530443	1.3109486153983296	Emergent Herbaceous Wetlands
-83.21651	41.9931	1	89	-0.9295240667567445	-0.44341762527635403	-0.7386335907272673	0.2117376863877689	-0.39743740621522833	1.2389465088754712	1.3484268901900698	1.368294353464755	Open Water
-84.18512	46.17381	1	90	1.8938930936812153	-0.37738127403991434	-0.661829991687972	0.1365167578837492	-0.3601910309445379	-1.6052404440629275	-0.32017786465423653	-0.35210321937431244	Woody Wetlands
-84.18059	46.17367	1	91	2.084193584229651	-0.44341762527635403	-0.5850265757624643	0.1365167578837492	-0.38740953595004246	-1.5405115648426637	-0.3897030627727493	-0.35210321937431244	Woody Wetlands
-83.492369	42.481681	1	92	1.9814606857379569	3.3866907464371465	0.067803008945714	0.1365167578837492	1.0296718052974445	0.08159414841715135	0.5141245127679166	0.45074941880385544	Developed, Medium Intensity
-83.44377	41.79515	1	93	-0.8822737712837351	-0.37738127403991434	-1.2378561604706426	0.1365167578837492	-0.39743740621522833	1.4525518103023423	1.4179520883085825	0.9668692649004922	Open Water
-84.24568	46.17324	1	94	0.7915205660855067	-0.11323586909415567	-0.5850265757624643	0.1365167578837492	-0.3925667262355192	-1.4589531770251312	-0.32017786465423653	-0.35210321937431244	Woody Wetlands
-84.15908	46.17455	1	95	2.477254998957127	-0.4103994496581342	-0.6234282837252182	0.1365167578837492	-0.38798255724467196	-1.4157972195824957	-0.5287534590097749	-0.35210321937431244	Woody Wetlands
-83.94841	43.77421	1	96	0.20923135985779748	-0.4103994496581342	1.9878902382212826	0.4826210833584782	-0.3856904727492484	-0.4962172944411753	-0.9459046477208515	-1.5277088974334112	Emergent Herbaceous Wetlands
-84.15806	46.1749	1	97	2.6787412011064555	-0.27832674718525485	-0.6234282837252182	0.1365167578837492	-0.39514532154903115	-1.4019917633112988	-0.5982786571282876	-0.35210321937431244	Woody Wetlands
-83.28587	41.99492	1	98	-1.1018801346201752	-0.3443630984216945	-0.9306423136548242	0.1365167578837492	0.23632398580091094	0.9783065741964379	1.4179520883085825	1.13890811979953	Cultivated Crops
-84.15743	46.17519	1	99	2.544968632063371	-0.3443630984216945	-0.6234282837252182	0.1365167578837492	-0.39485881107249	-1.4369453580902414	-0.45922826089126206	-0.35210321937431244	Open Water
-83.247626	41.980895	1	100	-0.1615495849931856	-0.4764358008945738	-0.9690440216175781	0.14487450141547512	0.14893825920429105	1.0516676562939666	1.4179520883085825	1.2536012366321425	Open Water
-84.185907	46.175187	1	101	1.7241222644810075	-0.4103994496581342	NA	0.1365167578837492	-0.361337072167608	-1.5961784009720907	-0.3897030627727493	-0.35210321937431244	Open Water
-84.17967	46.17771	1	102	1.9248732749120934	-0.3113449228034747	-0.6234282837252182	0.1365167578837492	-0.38769604625581	-1.5413712452698078	-0.3897030627727493	-0.35210321937431244	Open Water
-82.62027	42.57948	1	103	-0.529332078962436	-0.44341762527635403	0.22141020702430458	1.1394546387202642	-0.3722244747162854	0.7875738290752897	-0.25065266653572377	0.9955421339337049	Open Water
-84.25025	46.17722	1	104	0.3968697892805203	-0.3113449228034747	-0.46982126876041513	0.12001893327392031	-0.3919937052824369	-1.5849570429260151	-0.32017786465423653	-0.35210321937431244	Woody Wetlands
-83.24284	41.98464	1	105	-0.34489197422230106	-0.44341762527635403	-0.8922406056920703	0.14487450141547512	-0.20404276538664332	1.0197330568974068	1.4179520883085825	1.2536012366321425	Emergent Herbaceous Wetlands
-83.33205	41.92368	1	106	-0.9745011738516405	-0.4764358008945738	-1.0458474375430857	0.1365167578837492	-0.37165145410475037	1.2626838025520273	1.4179520883085825	1.13890811979953	Open Water
-83.94468	43.75763	1	107	0.8239929664283179	-0.4103994496581342	NA	0.519991005864865	-0.39743740621522833	-0.16782442821580643	-1.2240054401949025	-1.5277088974334112	Open Water
-83.95483	43.75422	1	108	0.9018347423190582	-0.37738127403991434	2.218300852225381	0.5363095062941523	0.13518574266842712	-0.35079476477421195	-1.0154298458393642	-1.5277088974334112	Open Water
-83.158981	42.093578	1	109	-0.04588111201182126	-0.37738127403991434	-0.3930178528349074	0.3120306087684799	-0.2278231412581819	1.2052874916809337	1.1398512958345315	1.3109486153983296	Developed, Low Intensity
-83.552873	45.112127	1	110	2.220429630105986	0.547127643270241	-0.20100912990735056	-2.263365146401379	-0.11923563837287571	-0.9730516857158902	-0.3897030627727493	-0.1800635441253938	Open Water
-83.20273	42.09457	1	111	-0.47754662545621546	-0.27832674718525485	-0.46982126876041513	0.22845317345122074	0.6073552293308337	0.9774418368256047	1.278901692071557	1.2536012366321425	Emergent Herbaceous Wetlands
-83.53762	45.110325	1	112	1.8326744564468909	0.6131639945066807	0.10620490002225544	-2.257000993069881	-0.3069000621565989	-0.9898811943131588	-0.45922826089126206	-0.1800635441253938	Woody Wetlands
-83.269977	41.944141	1	113	0.79843680136568	-0.37738127403991434	-0.5466248677997104	0.1365167578837492	0.5348680003808362	1.1845742503304493	1.3484268901900698	1.2249283675989298	Emergent Herbaceous Wetlands
-83.93999	43.7639	1	114	0.45116135936417345	-0.4103994496581342	NA	0.48578337252844317	-0.3859769830550159	-0.29512792864478493	-1.2240054401949025	-1.5277088974334112	Open Water
-83.54177	45.11133	1	115	2.024078766179404	0.6131639945066807	0.067803008945714	-2.2601830697356298	-0.24014309396950803	-0.9752110006711286	-0.45922826089126206	-0.1800635441253938	Woody Wetlands
-83.80314	43.64006	1	116	-0.8052250860380655	-0.4103994496581342	0.989445098734532	1.3911726093057772	-0.3919937052824369	0.08547788117036718	-1.5021062326689536	-1.3556692221844926	Open Water
-83.81624	43.64211	1	117	-0.7225587649390048	-0.4103994496581342	NA	1.408384020482313	-0.3914206843293546	0.3676957945707181	-1.5716314307874664	-1.3556692221844926	Open Water
-83.29398	44.805895	1	118	-0.6882348024788519	-0.245308571567035	0.5670257618028769	-2.1167620635754165	-0.31922002033268065	-0.40861585891518837	-0.9459046477208515	-0.12271698570908758	Woody Wetlands
-83.90514	43.67015	1	119	0.7664165886325455	-0.3443630984216945	1.0662485146600398	1.6436078766134568	0.256666254397506	0.02333815711891378	-1.2935306383134153	-1.4130157806007988	Open Water
-83.84203	43.65255	1	120	-0.6123122878960655	-0.37738127403991434	0.7206325936538923	1.5188242180447067	-0.3960048533202018	0.2550675447274588	-1.4325810345504408	-1.3556692221844926	Open Water
-83.83801	43.65382	1	121	-0.512441152396487	-0.37738127403991434	0.7206325936538923	1.4858359891359678	-0.3931397475301487	0.29390487225961714	-1.4325810345504408	-1.3556692221844926	Open Water
-83.75407	43.62677	1	122	-0.4426184423468967	-0.4103994496581342	NA	1.1602512967891458	-0.22639058836315534	0.14675792479467648	-1.5021062326689536	-1.2696489743850927	Emergent Herbaceous Wetlands
-83.946826	43.738769	1	123	1.4568486108950964	-0.4103994496581342	1.8726849312192335	1.2405724523314665	0.28388475940301056	-0.16782442821580643	-1.2240054401949025	-1.5277088974334112	Open Water
-83.257694	41.975954	1	124	-0.051501649259095755	-0.4764358008945738	-1.0074457295803319	0.1365167578837492	-0.2361319524211404	1.052962233878372	1.4179520883085825	1.2249283675989298	Open Water
-82.859528	42.569136	1	125	-0.5154907967614065	-0.245308571567035	-0.6234282837252182	0.9137930899266915	5.271460840034986	0.334901514747014	0.5836497108864294	0.8235024586847862	Developed, Medium Intensity
-84.21376	46.16439	1	126	1.5906720725360763	-0.245308571567035	-0.661829991687972	0.1365167578837492	-0.34414643742728934	-1.4934718746468125	-0.32017786465423653	-0.35210321937431244	Open Water
-83.243421	41.994031	1	127	-0.42263488780294106	-0.44341762527635403	-1.1610527445451349	0.14487450141547512	-0.3106247029625213	1.0464893459563456	1.3484268901900698	1.2249283675989298	Cultivated Crops
-84.23148	46.16845	1	128	1.0473132966158425	-0.4103994496581342	-0.7386335907272673	0.1365167578837492	-0.3435734195481321	-1.6660855905299758	-0.25065266653572377	-0.35210321937431244	Open Water
-82.80528	42.57695	1	129	-0.9413618612599757	-0.3113449228034747	-0.20100912990735056	1.0308027360893408	-0.361337072167608	0.4846426743244544	0.3055489184123783	0.8235024586847862	Woody Wetlands
-84.22821	46.16626	1	130	1.3081712161123669	0.01883683337872366	-0.8154370066527751	0.1365167578837492	-0.3773816656848566	-1.46844506032954	-0.25065266653572377	-0.35210321937431244	Woody Wetlands
-83.932903	43.868264	1	131	-0.48464321997690235	-0.37738127403991434	1.7958815152937257	0.24802424349998703	-0.31005167961860847	-0.272255372339062	-0.9459046477208515	-1.5277088974334112	Cultivated Crops
-84.19779	46.1662	1	132	1.9142157459488154	-0.047199517857716006	-0.5082231598369565	0.1365167578837492	-0.34672503154538603	-1.5737356848799398	-0.32017786465423653	-0.35210321937431244	Woody Wetlands
-82.60025	42.59784	1	133	-1.0282119601011634	-0.4103994496581342	-0.12420571398184287	1.1394546387202642	-0.2905689624321495	0.7487365015431313	-0.25065266653572377	0.9955421339337049	Open Water
-84.2335	46.16829	1	134	0.9110083050241158	-0.245308571567035	-0.6234282837252182	0.1365167578837492	-0.37824119796834804	-1.5357630947186147	-0.32017786465423653	-0.35210321937431244	Open Water
-84.19698	46.16797	1	135	1.7088531096368362	-0.4103994496581342	-0.7002318827645134	0.1365167578837492	-0.3435734195481321	-1.6574533876527109	-0.25065266653572377	-0.35210321937431244	Open Water
-83.78571	43.98687	1	136	0.8280234538602729	-0.4103994496581342	0.22141020702430458	0.10976282686542622	-0.39743740621522833	-0.5216790059157088	-0.9459046477208515	-1.3556692221844926	Open Water
-82.855456	42.566839	1	137	-0.7046370053640001	-0.21229039594881519	NA	0.9305098137086298	2.0963507433958717	0.4147354847665693	0.5836497108864294	0.8235024586847862	Developed, Open Space
-82.789021	42.569644	1	138	-0.732971244324073	-0.37738127403991434	-0.46982126876041513	1.0642337102162445	2.8023128800138304	0.8143250611905395	0.23602372029386556	0.8521761480678798	Developed, Medium Intensity
-82.848446	42.562948	1	139	-1.0898793892397305	-0.37738127403991434	NA	0.9472253007720817	3.4197431777702754	0.43674330370145903	0.44459931464940383	0.8235024586847862	Developed, Medium Intensity
-82.851662	42.564692	1	140	-0.8492884689777616	-0.14625404471237552	-0.3930178528349074	0.9305098137086298	4.915041609803507	0.3383554072866578	0.5141245127679166	0.8235024586847862	Developed, Medium Intensity
-83.878413	43.955779	1	141	-0.07202941932834765	-0.4103994496581342	1.411864069438612	0.09366322560824837	-0.3369836729521566	-0.415953484208048	-0.806854251483826	-1.4416886496340116	Open Water
-82.80975	42.57642	1	142	-0.7007727355638531	-0.3443630984216945	-0.4314195607976613	1.014087249025889	1.7006795288662293	0.40912227727168704	0.5141245127679166	0.8235024586847862	Developed, Medium Intensity
-82.580017	42.578383	1	143	-0.21302349327175052	-0.4103994496581342	-0.12420571398184287	1.1394546387202642	-0.3074730855005118	0.6900456130876327	-0.25065266653572377	1.0528895126998918	Woody Wetlands
-83.706351	43.604714	1	144	-0.1516498571286339	-0.4103994496581342	1.219855346511055	1.112640108496103	-0.3965778744440577	0.12690436387133613	-1.5716314307874664	-1.1549558575524803	Open Water
-82.59964	42.57996	1	145	-0.42411575924101924	-0.44341762527635403	-0.46982126876041513	1.1394546387202642	-0.38998813143432803	0.6982479757513255	-0.25065266653572377	1.0528895126998918	Cultivated Crops
-83.631546	43.623334	1	146	0.8758710926043543	-0.3443630984216945	0.9510432076579906	1.0768408184675635	-0.3739435392832684	0.3314476222073703	-1.6411566289059791	-1.0689356097530807	Woody Wetlands
-83.716635	43.611189	1	147	0.2502282703480504	-0.4103994496581342	1.1430519305855475	1.1187692853151667	-0.3556068605875018	0.15840912305432397	-1.5021062326689536	-1.183628726585693	Open Water
-83.784086	43.631935	1	148	-0.9361445962706848	-0.37738127403991434	0.989445098734532	1.326629508214146	-0.3702189012097238	-0.01808832558205516	-1.5021062326689536	-1.3556692221844926	Woody Wetlands
-83.779432	43.629103	1	149	-1.1511738374783995	-0.37738127403991434	1.0662485146600398	1.285034955357896	0.14865177485611267	-0.011180540502767613	-1.5716314307874664	-1.3556692221844926	Woody Wetlands
-83.353702	44.886685	1	150	0.13330373022505362	-0.4103994496581342	0.33661514779877855	-2.1074520468090903	-0.38912859915083653	-0.5221088461292809	-1.0154298458393642	-0.1513898547423003	Open Water
-82.81773	42.5822	1	151	-0.45997393580309137	-0.245308571567035	-0.16260723883080913	0.9973717619624372	2.7885602323238317	0.39488192384322895	0.5141245127679166	0.8235024586847862	Woody Wetlands
-83.200664	42.073148	1	152	-0.7069147500051007	-0.3113449228034747	-0.5850265757624643	0.22845317345122074	-0.22925569415320846	1.0460544487990844	1.278901692071557	1.2536012366321425	Developed, Open Space
-83.263439	41.977059	1	153	-0.24561745127237214	-0.44341762527635403	-0.8922406056920703	0.1365167578837492	0.10682121283411927	1.0615893798119478	1.4179520883085825	1.2249283675989298	Open Water
-83.191628	42.063218	1	154	-0.7645808775849992	-0.5094539765127937	-0.7002318827645134	0.2618841475781244	-0.39743740621522833	1.2264356301886794	1.278901692071557	1.2536012366321425	Open Water
-83.266733	41.978606	1	155	-0.4106667884766362	-0.44341762527635403	-0.8538387146155288	0.1365167578837492	0.18847672785063296	1.0287950999882438	1.3484268901900698	1.2249283675989298	Cultivated Crops
-83.2829	41.98853	1	156	-0.8172870830671592	-0.4103994496581342	-0.9306423136548242	0.1365167578837492	-0.044169853558070724	1.052962233878372	1.3484268901900698	1.1675826295325045	Cultivated Crops
-84.14685	46.21962	1	157	2.511163223911501	-0.37738127403991434	-0.20100912990735056	0.1365167578837492	-0.3939992791305457	-1.5197983234921792	-0.45922826089126206	-0.35210321937431244	Open Water
-83.250376	41.984406	1	158	-0.19029865880316252	-0.4103994496581342	-1.122651036582381	0.1365167578837492	-0.2570472225026259	1.0089465960085926	1.4179520883085825	1.2249283675989298	Cultivated Crops
-84.22061	46.16373	1	159	1.4434119334440563	-0.245308571567035	-0.8154370066527751	0.1365167578837492	-0.3576124368264412	-1.4874338838820471	-0.25065266653572377	-0.35210321937431244	Open Water
-82.66694	42.57885	1	160	-0.2614175397053956	-0.4764358008945738	0.18300831594776315	1.1394546387202642	-0.3911341733404926	1.095248397006485	-0.25065266653572377	0.9955421339337049	Open Water
-83.24007	41.98102	1	161	-0.3250925184931977	-0.4764358008945738	-0.8154370066527751	0.16158998847892694	0.7357119337507773	1.131496569369833	1.4179520883085825	1.2822757463651169	Open Water
-83.27733	41.98265	1	162	-0.5237279614553607	-0.37738127403991434	-0.9690440216175781	0.1365167578837492	-0.14301600331490308	1.0111008540201418	1.3484268901900698	1.1675826295325045	Cultivated Crops
-84.14567	46.22518	1	163	2.5472409177856092	-0.3443630984216945	-0.4314195607976613	0.1365167578837492	-0.3939992791305457	-1.537922409673853	-0.32017786465423653	-0.35210321937431244	Woody Wetlands
-84.14119	46.23086	1	164	2.771060029819397	-0.4103994496581342	-0.5466248677997104	0.1365167578837492	-0.3939992791305457	-1.5586356510243375	-0.32017786465423653	-0.35210321937431244	Open Water
-84.13279	46.23256	1	165	2.9951576756659897	-0.4103994496581342	-0.7002318827645134	0.1365167578837492	-0.3939992791305457	-1.5448251378094515	-0.32017786465423653	-0.35210321937431244	Open Water
-84.20795	46.16539	1	166	1.7481284404557231	-0.17927222033059534	-0.5850265757624643	0.1365167578837492	-0.34586550199427235	-1.4939067718040737	-0.3897030627727493	-0.35210321937431244	Mixed Forest
-83.43557	45.06628	1	167	-0.8721659812400351	-0.3113449228034747	NA	-2.1869990165788655	4.086166714587757	-1.1780298412091854	-0.45922826089126206	-0.03669673790968785	Developed, Medium Intensity
-84.14756	46.2165	1	168	2.5038556658177824	-0.4103994496581342	NA	0.1365167578837492	-0.3939992791305457	-1.4136429615709463	-0.45922826089126206	-0.35210321937431244	Open Water
-84.15126	46.21586	1	169	2.277481607822095	-0.4103994496581342	NA	0.1365167578837492	-0.3945723004251752	-1.4071700736489199	-0.45922826089126206	-0.35210321937431244	Open Water
-83.2844	41.99061	1	170	-0.8793889690750047	-0.37738127403991434	-0.8154370066527751	0.1365167578837492	0.5804231649554626	0.9817604667360816	1.4179520883085825	1.13890811979953	Cultivated Crops
-84.04086	46.06967	1	171	-0.20569908560170175	-0.4103994496581342	-0.4314195607976613	0.1365167578837492	-0.39743740621522833	-1.3273361036293647	-0.806854251483826	-0.35210321937431244	Open Water
-84.15534	46.22972	1	172	2.3237546708515686	-0.3113449228034747	-0.3930178528349074	0.1365167578837492	-0.3939992791305457	-1.5353332545050427	-0.32017786465423653	-0.35210321937431244	Open Water
-84.04647	46.0751	1	173	-0.37522851883081226	-0.4103994496581342	-0.354615961758366	0.1365167578837492	-0.3779546862963916	-1.3765300518367654	-0.806854251483826	-0.35210321937431244	Open Water
-82.8057	42.57373	1	174	-0.7557284884369287	-0.4103994496581342	-0.2778125458328583	1.0308027360893408	-0.3925667262355192	0.6654486389839324	0.3055489184123783	0.8235024586847862	Open Water
-83.390956	41.897024	1	175	-0.5930528352981759	-0.37738127403991434	-0.7002318827645134	0.1365167578837492	0.026311722646408884	1.0702215826892127	1.3484268901900698	0.9955421339337049	Open Water
-82.82104	42.57353	1	176	-0.4320052294887115	-0.4103994496581342	0.067803008945714	0.9973717619624372	3.771577958942182	0.6326543591602283	0.3055489184123783	0.8235024586847862	Open Water
-82.60715	42.5736	1	177	-0.10363733324475027	-0.44341762527635403	-0.12420571398184287	1.1394546387202642	-0.3882690675504395	0.8061277554705357	-0.32017786465423653	1.0528895126998918	Cultivated Crops
-83.223215	42.010406	1	178	-0.5339358388421341	-0.4103994496581342	-1.084249328619627	0.1950209626058306	-0.39743740621522833	0.9601824880147639	1.4179520883085825	1.2822757463651169	Emergent Herbaceous Wetlands
-82.615927	42.577235	1	179	-0.3545974161556989	-0.44341762527635403	0.14460642487122172	1.1394546387202642	-0.3722244747162854	0.7608175400163509	-0.32017786465423653	0.9955421339337049	Emergent Herbaceous Wetlands
-82.5932	42.553085	1	180	0.5472701392102345	-0.44341762527635403	-0.08580382290530142	1.1394546387202642	-0.289136409537123	0.8233871042813764	-0.32017786465423653	1.0528895126998918	Emergent Herbaceous Wetlands
-83.459018	43.733403	1	181	-0.9992036306288514	-0.3443630984216945	0.5670257618028769	1.125036974604718	0.0598334953644662	0.2438512436250724	-1.9192574213800302	-0.9255696238872555	Emergent Herbaceous Wetlands
-83.282366	43.939061	1	182	-0.928301763243192	-0.08021769347593584	0.41341892995186147	1.0809504339981828	0.5746929533753564	0.20156002355327027	-1.4325810345504408	-0.5814894530395374	Developed, Low Intensity
-83.232955	42.028345	1	183	-0.4645252556748233	-0.4103994496581342	-0.7770352986900212	0.17830547554237877	-0.25762024584653875	0.9217750006961777	1.4179520883085825	1.2536012366321425	Cultivated Crops
-82.849	42.55548	1	184	-0.8372744846444862	-0.44341762527635403	NA	0.9472253007720817	2.7091969418371042	0.4173246399353798	0.44459931464940383	0.8235024586847862	Open Water
-83.233398	42.028477	1	185	-0.2861428315270591	-0.4103994496581342	-0.7386335907272673	0.16158998847892694	-0.23584543528442836	0.8812132553660419	1.4179520883085825	1.2536012366321425	Cultivated Crops
-82.60604	42.56551	1	186	0.22093416432412855	-0.44341762527635403	0.067803008945714	1.1394546387202642	-0.38397140954845427	0.8104413284373236	-0.32017786465423653	1.0528895126998918	Emergent Herbaceous Wetlands
-82.59498	42.58372	1	187	-0.7411907427530484	-0.44341762527635403	-0.23941102098389203	1.1394546387202642	-0.3776681759906241	0.6831428849520342	-0.25065266653572377	0.9955421339337049	Cultivated Crops
-82.59457	42.56855	1	188	-0.10164426907312574	-0.44341762527635403	-0.3162144369093997	1.1394546387202642	-0.3919937052824369	0.7724687382759985	-0.25065266653572377	1.0528895126998918	Cultivated Crops
-82.79476	42.58113	1	189	-1.1375495540183267	-0.4103994496581342	-0.46982126876041513	1.0475182231527926	-0.08542738130664002	0.6563865958930953	0.23602372029386556	0.8235024586847862	Open Water
-82.57487	42.57905	1	190	-0.042848274239618796	-0.3443630984216945	0.067803008945714	1.1394546387202642	0.20022367907706867	0.7340612509574121	-0.25065266653572377	1.0528895126998918	Woody Wetlands
-82.82955	42.57024	1	191	-0.6346582647989034	-0.27832674718525485	0.10620490002225544	0.9806562748989853	1.588080906291578	0.6274760488226072	0.3055489184123783	0.8235024586847862	Woody Wetlands
-83.80459	43.98569	1	192	0.3712367695176826	-0.4103994496581342	0.682231068804926	0.09787301533627368	-0.39743740621522833	-0.5147712208364212	-0.806854251483826	-1.3556692221844926	Open Water
-83.74633	43.98968	1	193	1.2660314573173532	-0.4103994496581342	0.37501703887532	0.14487450141547512	-0.39743740621522833	-0.33784898893015913	-1.0154298458393642	-1.2983218434183055	Open Water
-83.8434	43.98462	1	194	-0.645325980878483	-0.4103994496581342	1.719078099368218	0.06814601307641932	-0.33239950259512047	-0.4500423416161573	-0.806854251483826	-1.3843420912177054	Open Water
-83.687662	43.989144	1	195	0.3920582036315458	-0.3113449228034747	1.411864069438612	0.2618841475781244	0.132320636878374	0.005648968094501018	-1.1544802420763898	-1.1549558575524803	Open Water
-84.257909	46.208379	1	196	-0.43636849605318717	-0.4764358008945738	-0.7386335907272673	0.12049012301727449	-0.3882690675504395	-1.7938138742288372	-0.18112746841721103	-0.35210321937431244	Emergent Herbaceous Wetlands
-83.75623	43.99011	1	197	1.452460327867804	-0.4103994496581342	0.37501703887532	0.13354368664221783	-0.39743740621522833	-0.3568327555389772	-1.0154298458393642	-1.2983218434183055	Open Water
-83.834956	43.99236	1	198	-0.24321389359576542	-0.3443630984216945	2.026292129297824	0.06574306905716164	-0.3705054128816802	-0.4780932082595014	-0.8763794496023387	-1.3843420912177054	Emergent Herbaceous Wetlands
-83.69788	43.99349	1	199	0.13588248910860354	-0.27832674718525485	1.1430519305855475	0.24516866051467257	-0.21206507034240102	-0.06037448871016823	-1.084955043957877	-1.183628726585693	Woody Wetlands
-83.83258	43.99507	1	200	-0.08954713294033326	-0.27832674718525485	1.7958815152937257	0.07248318480855351	-0.3696458805981887	-0.5065739151164176	-0.806854251483826	-1.3843420912177054	Emergent Herbaceous Wetlands
-83.74385	43.99174	1	201	1.0738352174973222	-0.4103994496581342	0.4518204548008277	0.14487450141547512	-0.38912859915083653	-0.4401206180981762	-1.0154298458393642	-1.2983218434183055	Emergent Herbaceous Wetlands
-83.74027	43.99689	1	202	0.8800038810354566	-0.4103994496581342	NA	0.16158998847892694	-0.39743740621522833	-0.3525191825721893	-1.0154298458393642	-1.2983218434183055	Open Water
-83.72695	44.00186	1	203	0.5016612589701838	-0.3113449228034747	0.7206325936538923	0.17830547554237877	-0.35417430769247527	-0.3283520486820611	-1.0154298458393642	-1.2409752850019993	Woody Wetlands
-83.73453	44.00058	1	204	0.7051064822695716	-0.3113449228034747	0.8358379006559414	0.16158998847892694	-0.35417430769247527	-0.4137941692528095	-1.0154298458393642	-1.2409752850019993	Woody Wetlands
-83.7036	43.99941	1	205	0.23806253236877084	-0.37738127403991434	0.7206325936538923	0.22845317345122074	0.29706421980642794	-0.1440921914829393	-1.1544802420763898	-1.183628726585693	Open Water
-82.64195	42.58346	1	206	-1.0038833318069713	-0.4764358008945738	0.14460642487122172	1.1394546387202642	-0.2922880215343769	0.9955659230072785	-0.32017786465423653	0.9668692649004922	Open Water
-83.46528	41.769336	1	207	-0.016115819621238172	-0.4764358008945738	-1.1994544525078887	0.1365167578837492	-0.36649426313617917	1.2501678669215466	1.4874772864270953	0.8808490171010925	Emergent Herbaceous Wetlands
-83.260997	41.974803	1	208	-0.004008453388530946	-0.37738127403991434	-0.7770352986900212	0.1365167578837492	-0.3925667262355192	1.0426056132031298	1.3484268901900698	1.2249283675989298	Emergent Herbaceous Wetlands
-83.1442	42.246	1	209	-0.781329227506338	-0.3113449228034747	NA	0.3454615828953835	3.1266427155500987	0.14157961445705536	1.2093764939530443	1.13890811979953	Developed, Medium Intensity
-83.214253	42.003186	1	210	-0.7811084206859094	-0.5094539765127937	-0.8922406056920703	0.2117376863877689	-0.39743740621522833	1.043035453416702	1.3484268901900698	1.368294353464755	Emergent Herbaceous Wetlands
-83.30053	41.94314	1	211	0.21403108202955995	-0.37738127403991434	-1.0074457295803319	0.1365167578837492	1.422191211098631	1.1409935096179311	1.4179520883085825	1.1675826295325045	Developed, Low Intensity
-83.29469	41.94603	1	212	0.3857023027315765	-0.44341762527635403	-1.084249328619627	0.1365167578837492	0.7488914378722396	1.1384043544491205	1.3484268901900698	1.1675826295325045	Open Water
-83.85696	43.9813	1	213	-1.0473195408481129	-0.3443630984216945	1.8726849312192335	0.07214061378779468	-0.34214086665310556	-0.4522016565713958	-0.7373290533653132	-1.3843420912177054	Emergent Herbaceous Wetlands
-83.83778	43.98175	1	214	-0.6212123028874365	-0.4103994496581342	NA	0.08244000534331605	-0.39743740621522833	-0.3736622641362458	-0.7373290533653132	-1.3843420912177054	Open Water
-83.85909	43.98211	1	215	-0.9640999561732011	-0.27832674718525485	1.9494887133723164	0.0669896812915475	-0.36735379541967067	-0.4336477301761498	-0.6678038552468004	-1.3843420912177054	Woody Wetlands
-83.218701	42.007909	1	216	-0.8597662189793026	-0.44341762527635403	-1.0458474375430857	0.1950209626058306	-0.3965778744440577	1.0309544149434822	1.3484268901900698	1.3109486153983296	Emergent Herbaceous Wetlands
-83.84977	43.98002	1	217	-0.8499057136616929	-0.4103994496581342	1.8726849312192335	0.07729030956555537	-0.33239950259512047	-0.4310585750073393	-0.7373290533653132	-1.3843420912177054	Open Water
-83.76631	43.98537	1	218	1.5223258925796423	-0.37738127403991434	0.37501703887532	0.12759878087764154	-0.39743740621522833	-0.4522016565713958	-1.0154298458393642	-1.326995532801399	Emergent Herbaceous Wetlands
-83.77711	43.98528	1	219	1.0586195342678315	-0.4103994496581342	0.37501703887532	0.115708969348489	-0.39743740621522833	-0.54152750989536	-0.9459046477208515	-1.3556692221844926	Emergent Herbaceous Wetlands
-83.77127	43.98637	1	220	1.2901327130442175	-0.37738127403991434	0.37501703887532	0.12165387511306527	-0.39743740621522833	-0.4927634019015315	-1.0154298458393642	-1.3556692221844926	Emergent Herbaceous Wetlands
-83.79564	43.98777	1	221	0.5987050183681163	-0.4103994496581342	0.2982136229498123	0.10381792110084996	-0.39743740621522833	-0.4996711869808191	-0.8763794496023387	-1.3556692221844926	Open Water
-83.81944	43.9868	1	222	-0.07351218204540165	-0.4103994496581342	1.1430519305855475	0.08598196708863463	-0.395718342672887	-0.5445465052777427	-0.806854251483826	-1.3843420912177054	Open Water
-83.8133	43.98767	1	223	0.14658360345555188	-0.4103994496581342	0.989445098734532	0.09192687285321091	-0.39543183219634587	-0.5078684927008228	-0.806854251483826	-1.3843420912177054	Emergent Herbaceous Wetlands
-83.32104	41.93533	1	224	-0.3385342680105821	-0.37738127403991434	NA	0.1365167578837492	3.1085924091750203	1.145307082584719	1.4179520883085825	1.13890811979953	Developed, Low Intensity
-82.61672	42.57114	1	225	-0.3421546058064596	-0.4764358008945738	0.18300831594776315	1.1394546387202642	-0.3722244747162854	0.8747403674440155	-0.25065266653572377	1.0242150029669177	Open Water
-83.549302	43.697759	1	226	-1.04211658940198	-0.3443630984216945	0.4902223458773692	1.0950885997357813	-0.23727798817945492	0.27362652806639387	-1.7802070251430047	-0.9255696238872555	Woody Wetlands
-83.4524	45.074133	1	227	-0.9947585877404774	-0.245308571567035	0.18300831594776315	-2.196309033345192	-0.16221222522367237	-1.078777207423551	-0.5287534590097749	-0.06537042729278135	Open Water
-84.22009	46.22606	1	228	0.5633582178509418	-0.44341762527635403	-1.084249328619627	0.1365167578837492	-0.3965778744440577	-1.741171090425482	-0.25065266653572377	-0.35210321937431244	Emergent Herbaceous Wetlands
-82.63969	42.58295	1	229	-0.8900462186447976	-0.4764358008945738	NA	1.1394546387202642	-0.37480307020057096	0.9446475570019006	-0.32017786465423653	0.9955421339337049	Open Water
-83.17042	42.10786	1	230	-0.20442539517870362	-0.27832674718525485	-0.7386335907272673	0.29531512170502805	1.2273640173750193	1.1858688279148546	1.2093764939530443	1.2536012366321425	Developed, Low Intensity
-84.22271	46.22434	1	231	0.48389819489469676	-0.4103994496581342	-1.2378561604706426	0.1365167578837492	-0.39743740621522833	-1.7157093789509485	-0.18112746841721103	-0.35210321937431244	Open Water
-84.405343	45.946568	1	232	1.0778294267598318	-0.245308571567035	0.4902223458773692	-0.5959792344817347	-0.3960048533202018	-1.0930175608520092	-0.9459046477208515	-0.35210321937431244	Open Water
-83.8789	45.0075	1	233	-0.3136330012769399	1.2074911556346377	-0.5082231598369565	-2.042871225803621	-0.35990451927258144	-1.2621773841955286	-0.3897030627727493	-0.6961825698721498	Open Water
-83.574855	45.082749	1	234	1.4904502767209329	0.7122185213613401	-0.7770352986900212	-2.2334316121542797	-0.3971508956319537	-1.1698274785454927	-0.32017786465423653	-0.20873641315860653	Developed, Medium Intensity
-83.578673	45.087814	1	235	1.8514627656617324	0.6461821701249005	-0.20100912990735056	-2.244980707740403	-0.3971508956319537	-1.0390751425205593	-0.3897030627727493	-0.20873641315860653	Woody Wetlands
-83.575042	45.093294	1	236	2.171552791730146	0.5801458188884608	-0.009000406979793714	-2.2542907245067294	-0.3971508956319537	-1.0062808626968553	-0.45922826089126206	-0.20873641315860653	Woody Wetlands
-83.191475	42.074101	1	237	-0.7560313079911276	-0.5094539765127937	-0.5850265757624643	0.2618841475781244	-0.30718657382855535	1.289435034667277	1.1398512958345315	1.2536012366321425	Open Water
-83.2592	41.9563	1	238	0.5644123479782909	-0.44341762527635403	-0.661829991687972	0.1365167578837492	-0.36162358383956444	1.164295906137226	1.3484268901900698	1.2249283675989298	Emergent Herbaceous Wetlands
-83.5715	45.12191	1	239	2.7842419004120567	0.6131639945066807	-0.20100912990735056	-2.2788031032682823	-0.28684432709098273	-1.0446883500154416	-0.3897030627727493	-0.20873641315860653	Woody Wetlands
-83.38274	44.90101	1	240	-0.7218900258865951	-0.4103994496581342	-0.3162144369093997	-2.105212967989293	-0.38912859915083653	-0.5022603421496297	-0.8763794496023387	-0.1513898547423003	Open Water
-83.376236	44.899971	1	241	-0.6308289836598093	-0.17927222033059534	0.33661514779877855	-2.1015590832209465	-0.3937127688247782	-0.5864078851359728	-0.9459046477208515	-0.09404329632599408	Woody Wetlands
-83.3837	44.90123	1	242	-0.9527157247552653	-0.37738127403991434	-0.354615961758366	-2.1025020810668984	-0.38912859915083653	-0.5246980012980914	-0.9459046477208515	-0.1513898547423003	Open Water
-83.219303	42.03063	1	243	-0.592979419287023	-0.4103994496581342	-0.8538387146155288	0.1950209626058306	-0.37824119796834804	0.9804658891516763	1.4179520883085825	1.2536012366321425	Emergent Herbaceous Wetlands
-83.447567	45.042117	1	244	-0.4641575738484759	-0.37738127403991434	-0.46982126876041513	-2.1776889998125393	0.5262726830106769	-0.9053038111132435	-0.45922826089126206	-0.06537042729278135	Open Water
-84.249422	46.205477	1	245	-0.13166368058428	-0.4103994496581342	-0.8154370066527751	0.1365167578837492	-0.39743740621522833	-1.7476439783475084	-0.32017786465423653	-0.35210321937431244	Open Water
-83.214679	42.031706	1	246	-0.6338094244076585	-0.44341762527635403	-0.9690440216175781	0.2117376863877689	-0.39514532154903115	1.0495083413387283	1.3484268901900698	1.2536012366321425	Emergent Herbaceous Wetlands
-83.459883	45.074817	1	247	-0.7827735628732921	-0.245308571567035	0.029401484096747726	-2.198312517293312	-0.1421564846933006	-1.0675558493774755	-0.45922826089126206	-0.09404329632599408	Woody Wetlands
-83.43715	45.06831	1	248	-0.8222840355475721	-0.27832674718525485	NA	-2.1923026838081947	2.3946081861915287	-1.2798665732199415	-0.3897030627727493	-0.03669673790968785	Developed, Medium Intensity
-83.46181	45.06456	1	249	-0.731332623025965	-0.11323586909415567	-0.7386335907272673	-2.1923026838081947	-0.1493192491684334	-1.1383277763061939	-0.3897030627727493	-0.09404329632599408	Developed, Open Space
-84.252085	46.204357	1	250	-0.33526072200509166	-0.44341762527635403	-0.7770352986900212	0.12037263476105757	-0.3971508956319537	-1.777849103002402	-0.25065266653572377	-0.35210321937431244	Emergent Herbaceous Wetlands
-83.78246	45.05818	1	251	2.126267320194963	1.2405093312528575	-0.16260723883080913	-2.209036721648944	-0.3684998366427408	-1.1590410176566783	-0.25065266653572377	-0.5241428946232312	Woody Wetlands
-83.78345	45.05747	1	252	1.98152533309204	1.108436628779978	0.029401484096747726	-2.2004341078568923	-0.38110630375840115	-1.1603355952410837	-0.18112746841721103	-0.5814894530395374	Woody Wetlands
-83.449902	45.075467	1	253	-0.7274486667310242	-0.11323586909415567	-0.20100912990735056	-2.1998448114980778	0.03519356808279149	-1.1232226855069025	-0.45922826089126206	-0.03669673790968785	Developed, Medium Intensity
-83.4602	45.0751	1	254	-0.6013397320324718	-0.08021769347593584	0.10620490002225544	-2.2043229691376722	1.7104209585012817	-1.0524558155218733	-0.5287534590097749	-0.09404329632599408	Developed, Medium Intensity
-83.442512	45.074032	1	255	-1.0258405004376294	-0.21229039594881519	NA	-2.194305549397072	2.8842548356604776	-1.143935926857387	-0.45922826089126206	-0.03669673790968785	Developed, Medium Intensity
-83.451417	45.076633	1	256	-0.716683033980832	-0.11323586909415567	-0.16260723883080913	-2.202083890317875	0.6887242162811241	-1.106828074066895	-0.45922826089126206	-0.06537042729278135	Developed, Medium Intensity
-83.56538	45.1197	1	257	2.588982132520079	0.6792003457431204	-0.009000406979793714	-2.2753854317308564	-0.32007954988379433	-1.050296500566635	-0.3897030627727493	-0.1800635441253938	Woody Wetlands
-83.502026	42.478409	1	258	2.016355814448812	3.6508361513829053	0.22141020702430458	0.1365167578837492	1.8095535488882475	0.13855556213098363	0.44459931464940383	0.45074941880385544	Developed, Low Intensity
-84.239355	46.217681	1	259	0.03820050902355316	-0.4103994496581342	-0.661829991687972	0.1365167578837492	-0.3965778744440577	-1.7148446415801153	-0.18112746841721103	-0.35210321937431244	Emergent Herbaceous Wetlands
-83.193623	42.108368	1	260	-0.36748261385083103	-0.3443630984216945	-0.7770352986900212	0.24516866051467257	-0.22266595302198855	0.9502557075530937	1.2093764939530443	1.2536012366321425	Developed, Open Space
-83.192902	42.106177	1	261	-0.21331242911892226	-0.245308571567035	-0.5082231598369565	0.24516866051467257	-0.3914206843293546	0.9666553759367904	1.2093764939530443	1.2536012366321425	Deciduous Forest
-83.191308	42.102880999999996	1	262	-0.19364458921309172	-0.44341762527635403	NA	0.2618841475781244	-0.3842579198542218	1.1064697550525606	1.2093764939530443	1.2536012366321425	Open Water
-83.87428	44.99681	1	263	-0.6908808737004963	1.537672911816836	-0.46982126876041513	-2.0393354476507346	-0.35990451927258144	-1.1564518624878677	-0.3897030627727493	-0.6961825698721498	Open Water
-83.789452	45.017663	1	264	1.0842831583631873	1.3065456824892971	-0.4314195607976613	-2.148109167052578	-0.3040349618313014	-1.2384400905189725	-0.32017786465423653	-0.6101631424226308	Woody Wetlands
-83.83845	44.99616	1	265	-0.6054796557433467	1.0754184531617583	-0.354615961758366	-2.0671480096934967	-0.39743740621522833	-1.1227928452933305	-0.3897030627727493	-0.6675097008389371	Open Water
-83.8437	44.99132	1	266	-0.8663018558573957	1.0424002775435386	NA	-2.0487635710325214	-0.39743740621522833	-1.0899985654696265	-0.3897030627727493	-0.6675097008389371	Open Water
-83.446857	41.786256	1	267	-0.5694776130282718	-0.37738127403991434	-1.2378561604706426	0.1365167578837492	-0.39743740621522833	1.511242698757841	1.4179520883085825	0.9668692649004922	Open Water
-83.435083	41.758071	1	268	0.03942451038982257	-0.5094539765127937	NA	0.1365167578837492	-0.39743740621522833	1.6307736767366987	1.4874772864270953	0.9668692649004922	Open Water
-83.515798	42.45855	1	269	2.7030843686077746	3.5517816245282456	-0.12420571398184287	0.1365167578837492	2.259375157926586	0.33015304462296496	0.44459931464940383	0.45074941880385544	Developed, Medium Intensity
-82.64191	42.60405	1	270	-0.42592966771329654	-0.4764358008945738	NA	1.1394546387202642	-0.3965778744440577	0.9614770655991692	-0.25065266653572377	0.9668692649004922	Open Water
-83.679863	43.587758	1	271	-1.0428822027723847	-0.4103994496581342	1.1430519305855475	1.0932780438715541	-0.1516113206850624	0.0026249157684293104	-1.5716314307874664	-1.1549558575524803	Emergent Herbaceous Wetlands
-83.900848	43.921411	1	272	1.4056253830480554	-0.37738127403991434	2.026292129297824	0.1442066734327684	-0.3401352904141661	-0.32533305329967843	-0.806854251483826	-1.4990352080503178	Emergent Herbaceous Wetlands
-83.659451	43.596639	1	273	-0.48350617445990823	-0.37738127403991434	1.0278466235834982	1.085338311188263	0.01599736803304462	0.274486208493538	-1.5716314307874664	-1.1262821681693869	Open Water
-83.68215	43.58218	1	274	-0.9427957731007561	-0.4103994496581342	1.219855346511055	1.0909097279699183	-0.28168712792527817	-0.012475118087172892	-1.363055836431928	-1.1549558575524803	Cultivated Crops
-83.432034	43.820457	1	275	-0.29907582699994417	-0.4103994496581342	NA	0.7800679567005904	-0.39743740621522833	0.03844324791820507	-1.8497322232615174	-0.9255696238872555	Emergent Herbaceous Wetlands
-83.216396	42.01645	1	276	-0.4924701490675529	-0.5094539765127937	-0.8922406056920703	0.2117376863877689	-0.39743740621522833	1.0197330568974068	1.3484268901900698	1.3109486153983296	Emergent Herbaceous Wetlands
-83.18212	42.026209	1	277	-0.507541493324297	-0.5094539765127937	NA	0.2785996346415762	-0.39743740621522833	1.5004511809253376	1.2093764939530443	1.368294353464755	Open Water
-84.171265	46.172734	1	278	2.2788821858709265	-0.4103994496581342	-0.5850265757624643	0.1365167578837492	-0.38769604625581	-1.4641314873627522	-0.45922826089126206	-0.35210321937431244	Woody Wetlands
-83.21498	42.035112	1	279	-0.9584582065128681	-0.44341762527635403	-0.8154370066527751	0.2117376863877689	-0.31091120916972215	1.14055861246067	1.278901692071557	1.2536012366321425	Emergent Herbaceous Wetlands
-83.439465	44.26597	1	280	0.3343783212954595	-0.3113449228034747	0.9126413165814492	-0.46200675755833487	-0.10462360321540932	-0.0746148421386263	-0.7373290533653132	-0.7248562592552433	Open Water
-83.326051	44.447226	1	281	0.27767150199244	-0.17927222033059534	0.25981173187327083	-0.7613322062814314	0.4489148266792428	-0.4107751738704269	-0.45922826089126206	-0.4954700255900184	Barren Land (Rock/Sand/Clay)
-83.454915	44.276894	1	282	-0.2766977843217432	-0.245308571567035	0.8358379006559414	-0.4578736443764722	-0.3536012870809402	-0.2921038763187132	-0.5982786571282876	-0.7248562592552433	Open Water
-83.488626	44.278416	1	283	-1.1102876165080355	-0.3443630984216945	NA	-0.4031228802608999	1.7760317761701903	-0.5682837989542989	-0.3897030627727493	-0.8395493760878557	Open Water
-83.19937	42.084614	1	284	-0.862990935600326	-0.4103994496581342	-0.7386335907272673	0.24516866051467257	4.446023931869556	1.06720258730683	1.278901692071557	1.2536012366321425	Developed, Medium Intensity
-84.0674	42.3648	1	285	-1.0748252814118344	3.5517816245282456	2.4871129910784453	0.1365167578837492	-0.361337072167608	0.2619753298067463	0.5836497108864294	-0.4667963362069249	Woody Wetlands
-84.0972	42.3513	1	286	-0.6646786649331586	3.518763448910026	2.871130436933559	0.1365167578837492	-0.2596258220854782	0.2895912992928293	0.6531749090049421	-0.4954700255900184	Woody Wetlands
-83.801222	45.008296	1	287	0.3747292740482389	1.3725820337257368	-0.2778125458328583	-2.107569535065307	-0.38110630375840115	-1.0835256775476	-0.45922826089126206	-0.6101631424226308	Woody Wetlands
-83.885483	45.010417	1	288	0.07781231556568606	1.0424002775435386	-0.2778125458328583	-2.0459351958539096	-0.36506171024115264	-1.3881812500964128	-0.32017786465423653	-0.7248562592552433	Emergent Herbaceous Wetlands
-83.80539	45.01512	1	289	0.5192274580977316	1.0424002775435386	-0.23941102098389203	-2.120179116753599	-0.3942857897778605	-1.1590410176566783	-0.45922826089126206	-0.6675097008389371	Open Water
-84.331775	42.523123	1	290	-0.8801598801757226	3.584799800146466	3.984780883422359	0.1365167578837492	-0.39743740621522833	0.09411008404763208	0.3055489184123783	-0.7822028176715495	Woody Wetlands
-84.129938	46.169515	1	291	2.359169729346325	-0.37738127403991434	-0.7386335907272673	0.1365167578837492	-0.3785277082741156	-1.3640141162062844	-0.6678038552468004	-0.35210321937431244	Woody Wetlands
-84.0264	46.130406	1	292	0.5325216018877749	-0.3113449228034747	-0.08580382290530142	0.1365167578837492	-0.36534822191310906	-1.2859096209283958	-0.806854251483826	-0.32342952999121893	Open Water
-83.210947	42.093204	1	293	-0.3457839701610854	-0.21229039594881519	-0.3930178528349074	0.2117376863877689	-0.39543183219634587	0.8919997162548562	1.278901692071557	1.2536012366321425	Emergent Herbaceous Wetlands
-83.40665	41.84541	1	294	-1.0984718940901246	-0.4103994496581342	-1.3146597595099379	0.1365167578837492	0.05639533344196655	1.307129280635379	1.3484268901900698	0.9955421339337049	Emergent Herbaceous Wetlands
-83.39558	41.85626	1	295	-0.7961373831001496	-0.4103994496581342	-1.1994544525078887	0.1365167578837492	0.6678088915520826	1.3515747587187303	1.4179520883085825	0.9955421339337049	Open Water
-83.41292	41.84689	1	296	-0.8549800581374691	-0.44341762527635403	-1.2378561604706426	0.1365167578837492	-0.28140062171807734	1.2449895565839255	1.4179520883085825	0.9668692649004922	Cultivated Crops
-83.42241	41.822258	1	297	-0.05188179633323843	-0.4764358008945738	NA	0.1365167578837492	0.2108245617566562	1.3843740954861234	1.3484268901900698	0.9668692649004922	Open Water
-84.186454	46.235778	1	298	1.525690821746556	-0.4103994496581342	-0.8922406056920703	0.1365167578837492	-0.36878634831469725	-1.5806434699592273	-0.18112746841721103	-0.32342952999121893	Open Water
-83.418964	41.825592	1	299	-0.30459191406741687	-0.4764358008945738	-0.8922406056920703	0.1365167578837492	-0.3593314986610464	1.4029280218813696	1.3484268901900698	0.9668692649004922	Emergent Herbaceous Wetlands
-83.41503	41.83111	1	300	-0.4368428632072168	-0.44341762527635403	-1.084249328619627	0.1365167578837492	-0.09230363957457198	1.447373499964721	1.3484268901900698	0.9668692649004922	Developed High Intensity
-83.39163	41.87377	1	301	-0.9614090100594938	-0.37738127403991434	-1.084249328619627	0.1365167578837492	1.2640375113854427	1.1474663975399575	1.4874772864270953	0.9955421339337049	Developed, Low Intensity
-83.39397	41.8748	1	302	-0.7304711024688595	-0.4103994496581342	-1.1610527445451349	0.1365167578837492	-0.20003161290876448	1.136674879707454	1.4179520883085825	0.9955421339337049	Cultivated Crops
-83.428314	41.825465	1	303	-0.13090132322256648	-0.37738127403991434	-1.0074457295803319	0.1365167578837492	-0.3793872391914182	1.2915943496225155	1.3484268901900698	0.9668692649004922	Emergent Herbaceous Wetlands
-82.64007	42.60596	1	304	-0.43310689949213493	-0.44341762527635403	0.18300831594776315	1.1394546387202642	-0.39629136388212977	0.9122831173917686	-0.25065266653572377	0.9668692649004922	Woody Wetlands
-83.166075	42.089415	1	305	-0.18918074099399218	-0.4764358008945738	-0.23941102098389203	0.3120306087684799	0.2735703610716014	1.2626838025520273	1.278901692071557	1.3109486153983296	Open Water
-83.19877	42.02015	1	306	-0.49228652307244464	-0.5094539765127937	-0.8154370066527751	0.24516866051467257	-0.3965778744440577	1.1539392854619839	1.3484268901900698	1.368294353464755	Open Water
-83.91533	43.86672	1	307	-0.43551260634939604	-0.4103994496581342	1.3734625445896458	0.23765188555376252	-0.35961801033300284	-0.2623285918773918	-1.0154298458393642	-1.5277088974334112	Open Water
-83.37424	44.901394	1	308	-0.4904278256753305	-0.4103994496581342	NA	-2.1079232365524443	-0.38912859915083653	-0.45737996690901694	-1.0154298458393642	-0.09404329632599408	Open Water
-83.899744	44.966717	1	309	0.17829983607693412	1.108436628779978	-0.354615961758366	-1.9884253127949694	-0.38941511013969854	-1.0990606085604635	-0.3897030627727493	-0.7822028176715495	Open Water
-83.90012	44.96577	1	310	0.5587218334089105	1.339563858107517	-0.047402298056335154	-1.9723980595692514	-0.38740953595004246	-1.1003551861448686	-0.3897030627727493	-0.7822028176715495	Woody Wetlands
-83.467561	41.781445	1	311	-0.06446490519559413	-0.37738127403991434	-1.3146597595099379	0.1365167578837492	-0.3011698560412483	1.2169386899405814	1.4874772864270953	0.8808490171010925	Cultivated Crops
-83.517522	42.479966	1	312	2.1382862261519366	3.5517816245282456	0.4518204548008277	0.1365167578837492	0.07387249624850849	0.2011301833396982	0.3055489184123783	0.45074941880385544	Woody Wetlands
-83.455091	41.779451	1	313	-0.2453582600854567	-0.5094539765127937	-1.122651036582381	0.1365167578837492	-0.36649426313617917	1.26570279793441	1.4179520883085825	0.9095218861343052	Open Water
-84.1298	42.3461	1	314	-1.006251739633976	3.485745273291806	2.448711100001904	0.1365167578837492	-0.2616313873949064	0.274486208493538	0.7227001071234549	-0.5241428946232312	Deciduous Forest
-83.44891	41.80214	1	315	-1.0297144630425277	-0.37738127403991434	-1.1610527445451349	0.1365167578837492	1.3239181174742451	1.3688391644732603	1.4179520883085825	0.9381947551675179	Developed, Medium Intensity
-83.88294	43.94957	1	316	0.2047181664508739	-0.4103994496581342	1.411864069438612	0.1059871253261603	-0.24816539892526573	-0.31843032516408	-0.8763794496023387	-1.4416886496340116	Open Water
-83.520298	42.483493	1	317	1.8314090188776055	3.6178179757646856	0.25981173187327083	0.1365167578837492	-0.3919937052824369	-0.015064273255983453	0.5141245127679166	0.45074941880385544	Developed High Intensity
-83.51703	42.473653	1	318	2.448507214655543	3.5517816245282456	0.18300831594776315	0.1365167578837492	1.3445469141370634	0.30900996305890843	0.37507411653089107	0.45074941880385544	Developed, Low Intensity
-83.515912	42.474441	1	319	2.3851951035294223	3.6508361513829053	0.2982136229498123	0.1365167578837492	2.992842415052362	0.2442810838386445	0.37507411653089107	0.45074941880385544	Developed, Low Intensity
-83.50847	42.484148	1	320	1.7547582329382836	3.584799800146466	0.4518204548008277	0.1365167578837492	1.2763574313082353	-0.01808832558205516	0.44459931464940383	0.45074941880385544	Developed, Medium Intensity
-83.425462	41.823627	1	321	-0.22396514391753447	-0.4764358008945738	NA	0.1365167578837492	0.18331952868492837	1.3144669059282383	1.3484268901900698	0.9668692649004922	Open Water
-83.43195	41.74942	1	322	0.20925998694411352	-0.5094539765127937	-0.6234282837252182	0.1365167578837492	-0.39743740621522833	1.7261425777691173	1.4179520883085825	0.9955421339337049	Open Water
-83.515359	42.475522	1	323	2.0689120501049105	3.6508361513829053	0.37501703887532	0.1365167578837492	1.7109940146337281	0.177392889663142	0.37507411653089107	0.45074941880385544	Developed, Low Intensity
-83.47266	41.74845	1	324	-0.9842083566213683	-0.4764358008945738	NA	0.1365167578837492	-0.37279749532782047	1.489234879822951	1.4179520883085825	0.9095218861343052	Open Water
-83.45467	41.74841	1	325	-0.5188246487760583	-0.5094539765127937	NA	0.1365167578837492	-0.39743740621522833	1.6407004571983688	1.4179520883085825	0.9668692649004922	Open Water
-83.19431	42.02554	1	326	-0.8143647346723973	-0.4764358008945738	-0.9306423136548242	0.24516866051467257	-0.39629136388212977	1.2432651387859481	1.3484268901900698	1.368294353464755	Open Water
-83.43753	41.74685	1	327	-0.03403310890048184	-0.5094539765127937	NA	0.1365167578837492	-0.39743740621522833	1.6894595082485082	1.4179520883085825	0.9955421339337049	Open Water
-83.47974	41.74485	1	328	-1.0245390533464802	-0.4103994496581342	-1.0074457295803319	0.1365167578837492	-0.21206507034240102	1.4029280218813696	1.4179520883085825	0.8808490171010925	Emergent Herbaceous Wetlands
-83.498376	42.488165	1	329	1.6575966984404924	3.2876362195824873	0.6054276528794184	0.1365167578837492	-0.14101043800547486	-0.05088260540575921	0.44459931464940383	0.45074941880385544	Developed, Medium Intensity
-83.204875	42.033119	1	330	-0.7827278712925805	-0.4764358008945738	-0.9690440216175781	0.22845317345122074	-0.3937127688247782	1.1384043544491205	1.3484268901900698	1.3109486153983296	Emergent Herbaceous Wetlands
-83.366986	43.852475	1	331	-1.094788810965043	-0.3113449228034747	0.37501703887532	0.8970776028632397	0.026311722646408884	0.28484282916878023	-1.710681827024492	-0.753529128288456	Open Water
-83.47978	41.75341	1	332	-0.7264668350408876	-0.44341762527635403	-1.122651036582381	0.1365167578837492	-0.37824119796834804	1.3045401254665683	1.4874772864270953	0.8808490171010925	Emergent Herbaceous Wetlands
-83.47331	41.75019	1	333	-0.7120475092110624	-0.5094539765127937	-0.9690440216175781	0.1365167578837492	-0.3776681759906241	1.4029280218813696	1.4874772864270953	0.8808490171010925	Open Water
-83.43082	41.75058	1	334	0.27027565555744043	-0.5094539765127937	-0.661829991687972	0.1365167578837492	-0.39743740621522833	1.6381113020295583	1.4874772864270953	0.9955421339337049	Open Water
-83.86028	43.96892	1	335	-0.8763651578615506	-0.245308571567035	1.9494887133723164	0.07772439775431474	-0.3765221334013651	-0.46255827724663806	-0.7373290533653132	-1.3843420912177054	Woody Wetlands
-83.91344	43.88176	1	336	-0.13103388468532723	-0.4103994496581342	1.7958815152937257	0.22214714588858822	-0.3301074201489802	-0.2364370401892862	-0.8763794496023387	-1.5277088974334112	Open Water
-83.181374	42.024367	1	337	-0.2923733062440401	-0.4764358008945738	-0.7002318827645134	0.2785996346415762	-0.39743740621522833	1.4538463878867474	1.3484268901900698	1.425641732230942	Emergent Herbaceous Wetlands
-83.91406	43.8849	1	338	0.18357624651783294	-0.4103994496581342	2.06469365414679	0.20664240622341395	-0.31205725585754784	-0.11388706682804584	-1.0154298458393642	-1.5277088974334112	Open Water
-83.912095	43.903527	1	339	0.8238801774275772	-0.4103994496581342	NA	0.1756329268930654	-0.21722224764908316	-0.3469110320209961	-0.8763794496023387	-1.5277088974334112	Emergent Herbaceous Wetlands
-82.64356	42.59518	1	340	-0.7410428361404156	-0.44341762527635403	0.18300831594776315	1.1394546387202642	-0.3945723004251752	0.919185845527367	-0.32017786465423653	0.9668692649004922	Open Water
-83.848199	43.635405	1	341	-0.9836640766206524	-0.37738127403991434	1.4502659605151536	1.5848019125806707	-0.388842088845069	-0.17041358338461698	-1.363055836431928	-1.3556692221844926	Open Water
-83.851611	43.63728	1	342	-1.0072028917702716	-0.37738127403991434	1.5654712675172027	1.6235272785482548	-0.3074730855005118	-0.1596271224958027	-1.363055836431928	-1.3556692221844926	Cultivated Crops
-83.338339	41.91999	1	343	-1.0788808981385904	-0.4764358008945738	-1.1994544525078887	0.1365167578837492	-0.32007954988379433	1.1327911469542382	1.4179520883085825	1.0815623817331046	Open Water
-83.21435	42.05873	1	344	-0.4614444481904156	-0.3443630984216945	-0.5850265757624643	0.2117376863877689	0.269559230452745	1.0141249063462137	1.278901692071557	1.2536012366321425	Developed, Low Intensity
-83.169387	42.09043	1	345	-0.4167389115630042	-0.44341762527635403	-0.23941102098389203	0.29531512170502805	-0.02010298240884254	1.2048576514673617	1.278901692071557	1.2536012366321425	Open Water
-84.24613	46.21329	1	346	-0.2109310509866685	-0.44341762527635403	-0.7002318827645134	0.1365167578837492	-0.39629136388212977	-1.796837926554909	-0.18112746841721103	-0.35210321937431244	Emergent Herbaceous Wetlands
-83.886376	43.945412	1	347	0.33019102964296265	-0.3113449228034747	1.4886674853641197	0.10401703277717547	-0.2911419857760624	-0.3870429371375598	-0.7373290533653132	-1.470362339017105	Woody Wetlands
-82.64907	42.57823	1	348	-0.8713921257618208	-0.4764358008945738	0.22141020702430458	1.1394546387202642	-0.2854117741959562	1.0240466298641948	-0.32017786465423653	0.9955421339337049	Open Water
-83.716596	43.606257	1	349	0.01755186903430023	-0.4103994496581342	1.219855346511055	1.117515252769862	-0.38368489787649784	0.016435428983315317	-1.5021062326689536	-1.1549558575524803	Emergent Herbaceous Wetlands
-83.392383	43.828546	1	350	-1.0636030552316242	-0.4103994496581342	NA	0.8469311416728842	-0.36649426313617917	0.1571145454699187	-1.710681827024492	-0.7822028176715495	Open Water
-84.24139	46.21654	1	351	0.014886627121218994	-0.44341762527635403	NA	0.1365167578837492	-0.39743740621522833	-1.7713762150803756	-0.18112746841721103	-0.35210321937431244	Open Water
-84.23332	46.21601	1	352	0.24090099824259326	-0.4103994496581342	NA	0.1365167578837492	-0.39743740621522833	-1.7243415818282133	-0.18112746841721103	-0.35210321937431244	Open Water
-84.25781	46.21887	1	353	-0.39907118514134443	-0.4103994496581342	-0.5082231598369565	0.12060884799197791	-0.3965778744440577	-1.7631789093603718	-0.18112746841721103	-0.32342952999121893	Woody Wetlands
-84.24178	46.21667	1	354	-0.18219770917908149	-0.37738127403991434	-0.5850265757624643	0.1365167578837492	-0.3965778744440577	-1.7523873915278683	-0.11160227029869826	-0.32342952999121893	Emergent Herbaceous Wetlands
-83.649482	43.608457	1	355	0.31149917565588875	-0.4103994496581342	0.9126413165814492	1.0819942244007836	-0.36706728374771425	0.3918629284608463	-1.710681827024492	-1.1262821681693869	Open Water
-83.857271	43.965294	1	356	-0.6052018956355776	-0.4103994496581342	NA	0.09201839002121147	-0.39743740621522833	-0.3149764326244362	-0.806854251483826	-1.3843420912177054	Open Water
-83.262626	41.985083	1	357	-0.41978636376365625	-0.4103994496581342	-1.0458474375430857	0.1365167578837492	-0.1163705325828226	0.9994496557604944	1.4179520883085825	1.2249283675989298	Cultivated Crops
-83.15171	42.17823	1	358	0.23065508035823773	-0.44341762527635403	-0.3930178528349074	0.3287460958319317	0.6786963460159383	0.6706269493215534	1.2093764939530443	1.2249283675989298	Open Water
-83.15771	42.17187	1	359	-0.059355357140699554	-0.11323586909415567	-0.20100912990735056	0.3287460958319317	0.3179795008174246	1.05727580684516	1.000800899597506	1.2536012366321425	Deciduous Forest
-83.1591	42.17269	1	360	-0.1615750312921332	-0.4764358008945738	NA	0.3120306087684799	-0.3157818911987147	0.941628561619518	1.000800899597506	1.2249283675989298	Open Water
-83.91118	43.67145	1	361	0.9581257381490728	-0.27832674718525485	1.0278466235834982	1.6708589684633501	-0.06651768746409396	-0.13761930356091293	-1.2935306383134153	-1.4130157806007988	Woody Wetlands
-83.391622	43.843704	1	362	-0.6846825507261045	-0.245308571567035	0.7206325936538923	0.863646628736336	-0.34672503154538603	0.27405636827996593	-1.710681827024492	-0.753529128288456	Woody Wetlands
-84.10029	42.067271	1	363	-0.33872030108802326	3.7829088538557847	-0.354615961758366	0.1365167578837492	-0.20261021249161676	0.6693323717371482	1.557002484545608	-0.26608297157491273	Woody Wetlands
-84.139129	42.071598	1	364	-1.146679339256693	3.749890678237565	-0.23941102098389203	0.1365167578837492	-0.06623118125689315	0.6714916866923867	1.4874772864270953	-0.26608297157491273	Woody Wetlands
-83.90383	44.9954	1	365	0.19648052893717577	1.2735275068710774	-0.2778125458328583	-2.0115235039672164	-0.3865500043496454	-1.2112539612464617	-0.45922826089126206	-0.7822028176715495	Open Water
-84.435422	42.231339	1	366	0.742728663329127	3.9810179075651035	1.527069376440661	0.1365167578837492	0.31196280488914	0.22097868731934944	1.278901692071557	-0.5814894530395374	Developed, Open Space
-84.073848	42.369587	1	367	-0.9175837133526873	3.5517816245282456	2.06469365414679	0.1365167578837492	-0.3040349618313014	0.26844821772877275	0.5141245127679166	-0.4667963362069249	Deciduous Forest
-83.89487	44.98051	1	368	0.026033739437559503	1.2405093312528575	-0.5082231598369565	-1.998442114176327	-0.3865500043496454	-1.0908582458967706	-0.3897030627727493	-0.7822028176715495	Open Water
-83.84791	44.99363	1	369	-0.8048894699870811	1.537672911816836	-0.3930178528349074	-2.0601945600031843	-0.3848309404657569	-1.2017620779420526	-0.25065266653572377	-0.6675097008389371	Deciduous Forest
-83.82669	44.98352	1	370	-0.41443653731160457	1.0093821019253186	NA	-2.062198043951305	-0.39228021592975165	-1.0080052804948327	-0.45922826089126206	-0.6675097008389371	Open Water
-83.81228	44.99994	1	371	0.06218803011018899	1.339563858107517	-0.354615961758366	-2.0880071220459464	-0.39228021592975165	-1.0269941040473398	-0.45922826089126206	-0.6675097008389371	Woody Wetlands
-83.80896	45.00306	1	372	0.1613022241833029	1.0093821019253186	-0.20100912990735056	-2.1003811088625612	-0.3945723004251752	-1.064536853995093	-0.45922826089126206	-0.6675097008389371	Open Water
-83.82056	45.01664	1	373	0.14674926230038973	1.3725820337257368	-0.047402298056335154	-2.1053304562455097	-0.3971508956319537	-1.1732813710851364	-0.3897030627727493	-0.6388360114558436	Deciduous Forest
-83.79215	45.01775	1	374	0.8926128660328908	1.2735275068710774	-0.3162144369093997	-2.1404495511064776	-0.3965778744440577	-1.2971309789744712	-0.32017786465423653	-0.6101631424226308	Woody Wetlands
-83.531275	45.110164	1	375	1.6472281912916122	0.6792003457431204	-0.009000406979793714	-2.253818916404132	-0.29171499819046404	-0.981683888593155	-0.3897030627727493	-0.1800635441253938	Woody Wetlands
-83.524144	45.10638	1	376	1.267294143935401	0.48109129203380135	0.029401484096747726	-2.242977223792283	-0.23498590573331468	-0.9471601340277845	-0.45922826089126206	-0.1800635441253938	Open Water
-83.527164	45.107998	1	377	1.4592948942831117	0.6461821701249005	-0.009000406979793714	-2.2459230872271116	-0.3301074201489802	-0.9065983886976489	-0.45922826089126206	-0.1800635441253938	Woody Wetlands
-83.76269	43.63247	1	378	-0.6794177028771261	-0.4103994496581342	1.3734625445896458	1.2018458496453959	-0.32122559110686444	0.06649411456154915	-1.5716314307874664	-1.2983218434183055	Emergent Herbaceous Wetlands
-83.76954	43.6348	1	379	-0.7593224342943707	-0.4103994496581342	NA	1.2362686719984677	-0.3902746417400956	0.18904408792278954	-1.5021062326689536	-1.326995532801399	Open Water
-83.81652	43.64025	1	380	-1.01607074427315	-0.4103994496581342	0.989445098734532	1.4298979752733614	-0.3690728599866537	0.06821853235952649	-1.5021062326689536	-1.3556692221844926	Open Water
-84.05255	46.11943	1	381	0.0693166904062389	-0.3113449228034747	-0.4314195607976613	0.1365167578837492	-0.3865500043496454	-1.319138797909361	-0.8763794496023387	-0.32342952999121893	Woody Wetlands
-84.05933	46.11396	1	382	-0.306826460177365	-0.3113449228034747	-0.46982126876041513	0.1365167578837492	-0.3785277082741156	-1.4481616591926276	-0.6678038552468004	-0.32342952999121893	Woody Wetlands
-84.25777	46.19322	1	383	-0.13583446652935144	-0.4103994496581342	NA	0.12025514650484065	-0.3919937052824369	-1.718298534119759	-0.25065266653572377	-0.35210321937431244	Open Water
-84.26283	46.1961	1	384	-0.2803494141879481	-0.44341762527635403	-0.5850265757624643	0.08773192374702354	-0.39228021592975165	-1.6829150991272444	-0.32017786465423653	-0.35210321937431244	Open Water
-84.26201	46.20184	1	385	-0.5233100747689275	-0.44341762527635403	-0.661829991687972	0.0880856252341608	-0.39743740621522833	-1.7856165685088334	-0.25065266653572377	-0.35210321937431244	Emergent Herbaceous Wetlands
-84.0886	42.3238	1	386	-0.8804134834929367	3.749890678237565	2.1414974362998733	0.1365167578837492	-0.3292478905978665	0.3215258986893892	0.7922253052419677	-0.4381226468238314	Woody Wetlands
-84.1352	42.3502	1	387	-0.9137975017939065	3.4527270976735864	2.640719822929461	0.1365167578837492	0.06355809791709933	0.25722685968269726	0.6531749090049421	-0.5528165840063246	Cultivated Crops
-84.1244	42.3469	1	388	-0.9663809890607029	3.5517816245282456	2.448711100001904	0.1365167578837492	-0.1908632831242035	0.32929336419582084	0.5836497108864294	-0.5241428946232312	Woody Wetlands
-83.391762	43.843673	1	389	-0.4849606109759378	-0.4103994496581342	NA	0.8469311416728842	-0.34672503154538603	0.3232503164873665	-1.710681827024492	-0.753529128288456	Open Water
-83.521667	42.423544	1	390	4.348096470309542	2.528218180363431	0.14460642487122172	0.1365167578837492	0.9918523738943075	0.4056734416757323	0.37507411653089107	0.42207572942076194	Developed, Medium Intensity
-83.533394	42.469541	1	391	2.6183313435359787	3.4527270976735864	0.33661514779877855	0.1365167578837492	1.0755134105022044	0.3642469589747634	0.3055489184123783	0.42207572942076194	Open Water
-83.894915	43.939556	1	392	0.7324328844535903	-0.3443630984216945	1.6806762082916766	0.11596249663822025	-0.2836927041642176	-0.36503511820267004	-0.7373290533653132	-1.4990352080503178	Cultivated Crops
-82.6639	42.58053	1	393	-0.4890569063195292	-0.4764358008945738	0.14460642487122172	1.1394546387202642	-0.39084766303472507	1.1060399148389886	-0.25065266653572377	0.9955421339337049	Open Water
-84.0758	42.3711	1	394	-0.7972088356235727	3.485745273291806	2.563916407003953	0.1365167578837492	-0.3576124368264412	0.24859465680543238	0.5141245127679166	-0.4667963362069249	Deciduous Forest
-84.0945	42.3603	1	395	-0.5782946696463847	3.518763448910026	2.871130436933559	0.1365167578837492	-0.25618769295151217	0.25204854934507614	0.5836497108864294	-0.4954700255900184	Woody Wetlands
-83.265154	42.023454	1	396	0.06983386923890338	-0.27832674718525485	-0.9306423136548242	0.1365167578837492	-0.21292458896400349	0.8682674795219891	1.4179520883085825	1.2249283675989298	Cultivated Crops
-83.201452	42.019685	1	397	-0.47530679236185763	-0.4764358008945738	-0.8922406056920703	0.22845317345122074	-0.3960048533202018	1.072380897644451	1.3484268901900698	1.368294353464755	Emergent Herbaceous Wetlands
-84.10084	46.15169	1	398	1.4827881897864716	-0.4103994496581342	-0.7386335907272673	0.1365167578837492	-0.39743740621522833	-1.3912002454787955	-0.5982786571282876	-0.35210321937431244	Emergent Herbaceous Wetlands
-84.11301	46.16096	1	399	1.870209122870201	-0.4103994496581342	-0.5850265757624643	0.1365167578837492	-0.3719379657767068	-1.38516225471403	-0.5982786571282876	-0.35210321937431244	Open Water
-83.536335	42.477044	1	400	2.323230958509715	3.584799800146466	0.5286238707263354	0.1365167578837492	0.9081913372864104	0.24644039879388296	0.3055489184123783	0.42207572942076194	Woody Wetlands
-84.09999	46.15029	1	401	1.4097282548844492	-0.4103994496581342	-0.8154370066527751	0.1365167578837492	-0.39743740621522833	-1.3743707368815268	-0.5982786571282876	-0.35210321937431244	Open Water
-83.98533	46.02854	1	402	0.914924971848616	-0.11323586909415567	-0.20100912990735056	NA	-0.3882690675504395	-1.2380102503054005	-0.9459046477208515	-0.29475666095800623	Evergreen Forest
-83.97456	46.01766	1	403	0.7818721204230624	-0.4103994496581342	-0.2778125458328583	NA	-0.3882690675504395	-1.1702623757027537	-1.0154298458393642	-0.32342952999121893	Open Water
-84.02485	46.05104	1	404	0.16642363571540952	-0.4103994496581342	NA	0.1365167578837492	-0.3882690675504395	-1.2954015042328046	-0.8763794496023387	-0.35210321937431244	Open Water
-83.26683	41.95885	1	405	0.17180913856632354	-0.27832674718525485	-0.8538387146155288	0.1365167578837492	-0.3917071946351221	1.0098062764357367	1.4179520883085825	1.2249283675989298	Emergent Herbaceous Wetlands
-82.8364	42.56769	1	406	-0.7887828869009398	-0.27832674718525485	-0.12420571398184287	0.9639407878355335	2.923220204456328	0.5260691570254233	0.44459931464940383	0.8235024586847862	Developed, Low Intensity
-82.83805	42.56536	1	407	-0.9946080053979299	-0.4764358008945738	NA	0.9639407878355335	4.35548665885275	0.5088047512708935	0.37507411653089107	0.8235024586847862	Open Water
-82.80921	42.57196	1	408	-0.5881672748510783	-0.44341762527635403	NA	1.014087249025889	4.405339569548546	0.6490540275439248	0.23602372029386556	0.8235024586847862	Open Water
-84.04646	46.12065	1	409	0.16166096541812816	-0.37738127403991434	-0.3930178528349074	0.1365167578837492	-0.3813928140641687	-1.319568638122933	-0.8763794496023387	-0.32342952999121893	Open Water
-82.64029	42.59729	1	410	-0.7537098490155173	-0.44341762527635403	0.10620490002225544	1.1394546387202642	-0.39629136388212977	0.9286827857754651	-0.32017786465423653	0.9668692649004922	Emergent Herbaceous Wetlands
-82.61652	42.59626	1	411	-0.8025729111433628	-0.37738127403991434	0.029401484096747726	1.1394546387202642	-0.28827687998600926	0.7353558285418175	-0.25065266653572377	0.9955421339337049	Open Water
-84.03971	46.12383	1	412	0.2839915545590946	-0.4103994496581342	NA	0.1365167578837492	-0.3779546862963916	-1.3118011726165013	-0.8763794496023387	-0.32342952999121893	Open Water
-84.05257	46.11615	1	413	-0.23228092563982505	-0.37738127403991434	NA	0.1365167578837492	-0.3785277082741156	-1.3795490472191478	-0.8763794496023387	-0.32342952999121893	Open Water
-82.608581	42.554119	1	414	0.3180467834702267	-0.44341762527635403	0.029401484096747726	1.1394546387202642	0.14779223437548775	0.9317017811578479	-0.32017786465423653	1.0528895126998918	Open Water
-82.59491	42.60694	1	415	-0.8813884378049792	-0.4103994496581342	0.067803008945714	1.1394546387202642	-0.25217654047363336	0.7340612509574121	-0.25065266653572377	0.9955421339337049	Open Water
-83.92604	43.808839999999996	1	416	-0.7825630291363913	-0.37738127403991434	2.371907684076396	0.3676903609716252	-0.3143493383036881	-0.29167403610514114	-1.0154298458393642	-1.5277088974334112	Woody Wetlands
-84.06903	46.09171	1	417	-0.9724859516274694	-0.37738127403991434	-0.3162144369093997	0.1365167578837492	-0.37824119796834804	-1.3411466168442507	-0.7373290533653132	-0.32342952999121893	Open Water
-83.92619	43.83021	1	418	-0.17799580309813498	-0.27832674718525485	2.563916407003953	0.3335000416940143	-0.3682133277031622	-0.29383335106037967	-1.0154298458393642	-1.4990352080503178	Woody Wetlands
-83.9156	43.84559	1	419	-0.7184947073052288	-0.4103994496581342	NA	0.2841661045492853	-0.39743740621522833	-0.16955390295747283	-1.084955043957877	-1.4990352080503178	Open Water
-83.44773	45.03862	1	420	-0.20148505814186468	-0.4103994496581342	NA	-2.1721503560707762	1.17550567252393	-0.9160902720020578	-0.5982786571282876	-0.09404329632599408	Open Water
-83.38775	45.07373	1	421	0.042180533693743846	-0.4103994496581342	-1.0074457295803319	-2.180281780119474	-0.3965778744440577	-0.879412259425138	-0.5982786571282876	-0.008023868876475132	Open Water
-82.66207	42.62236	1	422	-0.5780377995745759	-0.4764358008945738	NA	1.1394546387202642	-0.39743740621522833	1.0050628632553766	-0.18112746841721103	0.8521761480678798	Open Water
-83.37609	45.07653	1	423	0.3943034956447657	-0.27832674718525485	-0.3162144369093997	-2.181931562580457	-0.38253885665342774	-0.9126414364061032	-0.5287534590097749	-0.008023868876475132	Woody Wetlands
-83.684174	43.583	1	424	-0.8757383278319008	-0.4103994496581342	1.181453821662089	1.0966208939405473	-0.3395622670702533	-0.014634433042411386	-1.4325810345504408	-1.1549558575524803	Woody Wetlands
-84.15256	46.2214	1	425	2.2853039376661455	-0.37738127403991434	-0.16260723883080913	0.1365167578837492	-0.3939992791305457	-1.4744881080379943	-0.5287534590097749	-0.35210321937431244	Open Water
-83.178131	42.139839	1	426	-0.8173254889254526	-0.245308571567035	-0.661829991687972	0.2785996346415762	2.250493399926293	0.7707443204780211	1.3484268901900698	1.2536012366321425	Developed, Medium Intensity
-83.1513	42.23486	1	427	-0.9498603663214997	-0.3443630984216945	NA	0.3287460958319317	2.800593536744311	0.297788605012833	1.1398512958345315	1.1102352507663173	Developed, Medium Intensity
-82.87323	42.45701	1	428	-0.8945280984895873	-0.27832674718525485	-0.20100912990735056	0.8970776028632397	0.4191177439499084	0.39229276867441837	0.7227001071234549	1.0815623817331046	Open Water
-82.85031	42.54974	1	429	-0.44714139303399103	-0.37738127403991434	NA	0.9305098137086298	5.139952414322676	0.34957170838904417	0.5836497108864294	0.8235024586847862	Open Water
-83.896817	45.007867	1	430	0.07553117521915151	1.0093821019253186	NA	-2.0284937550388857	-0.3865500043496454	-1.2237698968769424	-0.3897030627727493	-0.7822028176715495	Open Water
-83.899067	43.666218	1	431	0.3834183254665782	-0.27832674718525485	1.104650039509006	1.6665564248488378	0.8841243787010925	0.010827278432122136	-1.2935306383134153	-1.3843420912177054	Developed, Low Intensity
-83.882267	45.010217	1	432	-0.07353797221325394	1.141454804398198	-0.46982126876041513	-2.0533592169283326	-0.35990451927258144	-1.3303550990117472	-0.32017786465423653	-0.6961825698721498	Woody Wetlands
-83.892733	45.008583	1	433	0.2509850398400626	1.141454804398198	-0.20100912990735056	-2.0385105564202433	-0.3865500043496454	-1.356681547857114	-0.32017786465423653	-0.7248562592552433	Woody Wetlands
-83.79813	45.01061	1	434	0.7205314097275706	1.2074911556346377	-0.3930178528349074	-2.1276037561872654	-0.3584719663775549	-1.1706922159163258	-0.45922826089126206	-0.6101631424226308	Open Water
-82.65026	42.5747	1	435	-0.46743137775564486	-0.4764358008945738	0.22141020702430458	1.1394546387202642	-0.3725109863882418	1.1194155308966134	-0.25065266653572377	0.9955421339337049	Open Water
-83.443559	41.765557	1	436	-0.005306644470988764	-0.4764358008945738	-1.0458474375430857	0.1365167578837492	-0.3696458805981887	1.4171683753098276	1.4179520883085825	0.9668692649004922	Emergent Herbaceous Wetlands
-83.679397	44.026924	1	437	-1.0703633244717108	-0.37738127403991434	0.9126413165814492	0.2785996346415762	-0.31893350866072423	-0.2921038763187132	-1.0154298458393642	-1.1262821681693869	Emergent Herbaceous Wetlands
-83.85168	44.96152	1	438	-0.08236929939091166	1.0093821019253186	-0.661829991687972	-2.0084595339169278	-0.3960048533202018	-0.8716447939187063	-0.5287534590097749	-0.753529128288456	Open Water
-83.86401	44.96212	1	439	-0.06785828951437152	1.0093821019253186	-0.9306423136548242	-2.0024490820725673	-0.3960048533202018	-0.8936526128535961	-0.5287534590097749	-0.753529128288456	Open Water
-83.84743	44.96295	1	440	-0.04795283619539526	1.0754184531617583	-0.3930178528349074	-2.014469367402045	-0.3960048533202018	-0.9091875438664594	-0.5287534590097749	-0.7248562592552433	Woody Wetlands
-83.89986	44.96534	1	441	0.38523790777578304	1.0093821019253186	NA	-1.9784078930543685	-0.38740953595004246	-1.092152823481176	-0.3897030627727493	-0.8108756867047623	Open Water
-83.84559	44.96676	1	442	-0.35953468588934023	1.0093821019253186	-0.7770352986900212	-2.025900974731951	-0.3960048533202018	-0.8988309231912172	-0.5287534590097749	-0.7248562592552433	Open Water
-83.84148	44.97073	1	443	-0.25292612694003097	1.141454804398198	-0.661829991687972	-2.032147021447989	-0.3965778744440577	-0.8927878754827628	-0.45922826089126206	-0.6675097008389371	Woody Wetlands
-83.82853	44.97964	1	444	-0.3069278155370245	1.2074911556346377	NA	-2.050295246878044	-0.39342625817746346	-0.9933350868528026	-0.5287534590097749	-0.6675097008389371	Open Water
-83.901267	44.98825	1	445	0.18169949600322222	1.141454804398198	-0.20100912990735056	-2.0017422974575356	-0.3865500043496454	-1.1905407198959772	-0.3897030627727493	-0.7822028176715495	Woody Wetlands
-83.82111	44.98885	1	446	-0.1846564578148921	1.4386183849621765	-0.5466248677997104	-2.0689152804106965	-0.3937127688247782	-0.9674435351646969	-0.3897030627727493	-0.6675097008389371	Open Water
-83.8176	44.99744	1	447	-0.16437635932424832	1.0424002775435386	-0.5466248677997104	-2.081053672355634	-0.39228021592975165	-1.0023971299436396	-0.45922826089126206	-0.6675097008389371	Open Water
-83.87635	44.998517	1	448	-0.4784613167427098	1.0093821019253186	NA	-2.032382616319666	-0.35990451927258144	-1.1491142371950083	-0.3897030627727493	-0.753529128288456	Open Water
-82.65047	42.57705	1	449	-0.7030048745914683	-0.4764358008945738	0.14460642487122172	1.1394546387202642	-0.35990451927258144	1.0607296993848037	-0.32017786465423653	0.9955421339337049	Open Water
-83.35694	41.90947	1	450	-0.5501346432701539	-0.44341762527635403	-0.8538387146155288	0.1365167578837492	-0.2920015153271761	0.9329963587422531	1.4874772864270953	1.0815623817331046	Emergent Herbaceous Wetlands
-83.36333	41.91108	1	451	-0.6694012745030428	-0.37738127403991434	-0.8538387146155288	0.1365167578837492	-0.3639156690180825	0.7651311129831389	1.557002484545608	1.0815623817331046	Developed, Open Space
-83.843742	46.02477	1	452	0.572855705064224	-0.17927222033059534	0.22141020702430458	NA	-0.3702189012097238	-0.8811366772231153	-1.084955043957877	-0.20873641315860653	Evergreen Forest
-82.860227	42.562038	1	453	-0.6083765793309677	-0.245308571567035	NA	0.9137930899266915	9.516974389889072	0.29692892458568887	0.6531749090049421	0.8235024586847862	Developed, Medium Intensity
-83.35842	41.90245	1	454	-0.6567472856627065	-0.4764358008945738	-0.7002318827645134	0.1365167578837492	-0.39743740621522833	0.960612328228336	1.4874772864270953	1.0815623817331046	Open Water
-83.35462	41.90127	1	455	-0.5634682890006242	-0.4103994496581342	-0.9306423136548242	0.1365167578837492	-0.39743740621522833	1.0995670269169622	1.4874772864270953	1.0815623817331046	Developed High Intensity
-83.62051	43.631751	1	456	1.1704448424030747	-0.3443630984216945	0.9510432076579906	1.0768408184675635	-0.3902746417400956	0.1989708683844597	-1.5716314307874664	-1.0689356097530807	Emergent Herbaceous Wetlands
-83.483508	43.714492	1	457	-0.33883910779459614	-0.4103994496581342	0.682231068804926	1.0999637440095402	-0.3745165598948035	0.3215258986893892	-1.9192574213800302	-0.9255696238872555	Open Water
-83.341154	41.914821	1	458	-0.8854363550920411	-0.44341762527635403	-0.9690440216175781	0.1365167578837492	-0.338989249191096	1.2350627761222552	1.4179520883085825	1.0815623817331046	Open Water
-84.573323	46.032065	1	459	1.5592311069729041	-0.4103994496581342	NA	-1.2971244132145978	-0.39485881107249	-1.463696590205491	-0.7373290533653132	-0.26608297157491273	Open Water
-83.82203	45.008012	1	460	-0.04496152059343497	1.0093821019253186	NA	-2.093192064300572	-0.39743740621522833	-1.0623775390398544	-0.45922826089126206	-0.6675097008389371	Open Water
-83.870794	45.005806	1	461	-0.4732493387378286	2.0329455460901333	-0.46982126876041513	-2.0500596520063668	-0.37165145410475037	-1.2332617801813512	-0.25065266653572377	-0.6675097008389371	Deciduous Forest
