x	y	occurrence	id	boat	elev	nit	phos	pop	solar	wc18	wind	land
-83.18932	42.04414	1	1	-0.8489010259509	-0.44581412800649645	NA	0.2648475520059478	0.5254573373415049	1.3097668457625042	1.2174348508475201	1.351029406744668	Open Water
-83.21353	42.044113	1	2	-1.0297353327926426	-0.44581412800649645	-0.7763795271252746	0.21489733801346758	0.47700222454511393	1.195898669628444	1.287063634490624	1.2647448226057836	Open Water
-83.20233	42.0421	1	3	-0.8586040548163018	-0.41294569755039906	-0.6614239227942904	0.23154740934429432	-0.14464838702190985	1.2381696016689778	1.2174348508475201	1.2647448226057836	Emergent Herbaceous Wetlands
-83.202371	42.083127	1	4	-0.8693662111642703	-0.2814719757260096	-0.3931944229778554	0.23154740934429432	-0.29172390151350625	1.005687057222684	1.287063634490624	1.2647448226057836	Deciduous Forest
-83.213631	42.05653	1	5	-0.7077893578004607	-0.41294569755039906	-0.584786975051565	0.21489733801346758	0.03663075824850207	1.1243014255349175	1.287063634490624	1.2647448226057836	Developed, Low Intensity
-83.191528	42.055179	1	6	-1.012565333254419	-0.44581412800649645	NA	0.2648475520059478	0.8079221593337921	1.2718124718904047	1.287063634490624	1.3222684272788925	Open Water
-83.218887	42.055541	1	7	-0.6606787188431867	-0.9059721543918595	-0.43151289684921806	0.19824603480402805	-0.38464370985802976	1.0872063196822954	1.2174348508475201	1.235983843140008	Open Water
-83.197495	42.080116	1	8	-1.1037441703665054	-0.41294569755039906	-0.31655747523513	0.24819748067512104	-0.03405670911760173	1.094105736426924	1.287063634490624	1.2647448226057836	Emergent Herbaceous Wetlands
-83.237221	41.993722	1	9	-0.6608098370972487	-0.4786825584625938	-0.9679720791989842	0.1649458921423746	-0.3903443120430522	1.0932464684074463	1.3566924181337283	1.2647448226057836	Emergent Herbaceous Wetlands
-83.471714	41.76503	1	10	-0.3932185279240552	-0.5115509889186911	-1.121246157401331	0.1399707851461345	-0.3715323280264321	1.279141522644772	1.4959499854199365	0.8908471523260281	Open Water
-83.44041	45.07666	1	11	-0.6226962632247376	-0.05139296253332808	-0.048327975418695	-2.1850171625708543	-0.337898775882321	-1.101738523794672	-0.45365595658697916	-0.02951817938203095	Developed, Medium Intensity
-82.60925	42.56947	1	12	-0.15494162412695947	-0.44581412800649645	0.06662762891228921	1.1389836881460278	-0.3718173564707498	0.812023209185729	-0.24476960565766678	1.063416320603797	Emergent Herbaceous Wetlands
-83.103333	42.288485	1	13	-0.43294628942479546	-0.3800772670943017	-0.8146980009966374	0.43134949719282784	-0.39690000363841565	-0.23823481843287306	1.2174348508475201	1.1496992590011235	Developed High Intensity
-83.233991	41.991156	1	14	-0.5516717081282475	-0.34720883663820434	-0.6997425793825492	0.1649458921423746	0.441658512608131	1.1579442957563444	1.4263212017768323	1.3222684272788925	Emergent Herbaceous Wetlands
-83.195385	42.059332	1	15	-0.7679556102925371	-0.41294569755039906	-0.6614239227942904	0.24819748067512104	-0.29827960194321024	1.1786476005079918	1.287063634490624	1.2647448226057836	Developed, Open Space
-83.231309	41.991162	1	16	-0.7266307300651571	-0.41294569755039906	-0.584786975051565	0.1815959634732013	0.5080704853530036	1.2834580808132063	1.3566924181337283	1.3797903862104435	Open Water
-83.1978	42.06787	1	17	-0.7999726987015885	-0.41294569755039906	-0.5464685011802023	0.24819748067512104	-0.3205119456398886	1.1782129119804914	1.2174348508475201	1.2647448226057836	Developed, Open Space
-84.24409	46.19181	1	18	0.03579654923867025	-0.41294569755039906	NA	0.1399707851461345	-0.3914844322761873	-1.7202497532501362	-0.24476960565766678	-0.3458938907302354	Open Water
-84.24338	46.19087	1	19	0.2573843452017757	-0.34720883663820434	-0.6614239227942904	0.1399707851461345	-0.3914844322761873	-1.6861721945012087	-0.24476960565766678	-0.3458938907302354	Woody Wetlands
-82.61404	42.56632	1	20	0.06152772587790402	-0.44581412800649645	0.02830933775782265	1.1389836881460278	-0.28659336233320115	0.8896606020044066	-0.3143983893007709	1.063416320603797	Open Water
-82.601896	42.578184	1	21	-0.4233348294412272	-0.44581412800649645	-0.08664626657316157	1.1389836881460278	-0.3758077777963961	0.730938635253618	-0.24476960565766678	1.0346536953964636	Emergent Herbaceous Wetlands
-82.59074	42.56956	1	22	-0.044589250289019805	-0.44581412800649645	-0.2399205274924046	1.1389836881460278	-0.38948922195314645	0.8232391840987918	-0.24476960565766678	1.063416320603797	Woody Wetlands
-83.336578	41.9275	1	23	-0.7710481188035135	-0.3800772670943017	-1.2362015790154193	0.1399707851461345	1.4899990946681025	1.141122860645631	1.4263212017768323	1.0921773000695725	Developed, Low Intensity
-83.34219	41.91564	1	24	-0.7490573844684123	-0.4786825584625938	-0.9296536053276215	0.1399707851461345	-0.2264520207998356	1.100145885152075	1.4263212017768323	1.0921773000695725	Open Water
-83.19946	42.03956	1	25	-1.08078477586622	-0.5115509889186911	NA	0.24819748067512104	-0.3359035686173211	1.3321937410708684	1.287063634490624	1.3222684272788925	Open Water
-83.207369	42.038397	1	26	-0.987136872943181	-0.4786825584625938	-0.7763795271252746	0.23154740934429432	-0.35386046118490616	1.187270607809337	1.287063634490624	1.2647448226057836	Open Water
-83.203142	42.084819	1	27	-0.7453447486455654	-0.3800772670943017	-0.5464685011802023	0.23154740934429432	1.838020746988878	0.9591046215314775	1.287063634490624	1.2647448226057836	Developed, Medium Intensity
-83.222446	42.023184	1	28	-0.27936245188572834	-0.3800772670943017	-1.0446090269417097	0.19824603480402805	-0.39690000363841565	0.9780843357264081	1.4263212017768323	1.293507447813117	Emergent Herbaceous Wetlands
-83.215412	42.016864	1	29	-0.3759504463704971	-0.4786825584625938	-1.006290553070347	0.21489733801346758	-0.39690000363841565	1.0432117970850447	1.287063634490624	1.293507447813117	Emergent Herbaceous Wetlands
-83.460959	41.785978	1	30	-0.4670373349353324	-0.41294569755039906	-1.0446090269417097	0.1399707851461345	-0.3686820272737032	1.3382338897960193	1.4263212017768323	0.8908471523260281	Emergent Herbaceous Wetlands
-83.458156	41.786232	1	31	-0.5618969213225915	-0.44581412800649645	-1.006290553070347	0.1399707851461345	-0.3929095826525517	1.4473558737519068	1.4263212017768323	0.9196081317918036	Open Water
-83.91723	43.85875	1	32	-0.8169834633552501	-0.3800772670943017	1.6760049932446914	0.2621127814854953	-0.3176616448871597	-0.26756618500362733	-0.9410574420887081	-1.5251121519841688	Emergent Herbaceous Wetlands
-83.91764	43.85701	1	33	-1.082761474452009	-0.3800772670943017	NA	0.27834894160241574	-0.3504401035435418	-0.28481725412407954	-0.9410574420887081	-1.5251121519841688	Open Water
-83.463893	41.782178	1	34	-0.17821376667810432	-0.4786825584625938	-1.121246157401331	0.1399707851461345	-0.36611675496529206	1.2260893042186758	1.4263212017768323	0.8908471523260281	Emergent Herbaceous Wetlands
-83.92096	43.847410000000004	1	35	-0.8297260400795797	-0.3800772670943017	2.0975087539803696	0.2945851017193361	-0.3829335296782183	-0.16362002723565186	-1.0803150093749163	-1.5251121519841688	Open Water
-83.92573	43.84599	1	36	-0.7991016499805171	-0.34720883663820434	2.3657382537968044	0.3021266625869983	-0.2940041508141169	-0.2749002902757563	-1.0106862257318123	-1.5538731314499443	Woody Wetlands
-83.92542	43.78729	1	37	-0.5484873098914227	-0.41294569755039906	1.90591620190666	0.42132323716311504	-0.3729574784027965	-0.2533326629868698	-1.1499437930180205	-1.5251121519841688	Emergent Herbaceous Wetlands
-83.21838	41.99466	1	38	-1.130844313553431	-0.4786825584625938	-0.9679720791989842	0.19824603480402805	-0.3937646727424574	1.1527684695684326	1.3566924181337283	1.3797903862104435	Open Water
-83.92508	43.79831	1	39	-0.8674535530438421	-0.3800772670943017	1.9442348584949187	0.40429497909815365	-0.36298142576824544	-0.22529525296309347	-1.1499437930180205	-1.5251121519841688	Emergent Herbaceous Wetlands
-83.209716	42.090636	1	40	-0.5519896431573467	-0.34720883663820434	-0.4698313707205808	0.21489733801346758	-0.3800832289254894	0.847824358491373	1.287063634490624	1.2647448226057836	Deciduous Forest
-83.226672	41.995635	1	41	-0.9022839515021617	-0.4786825584625938	-0.9679720791989842	0.1815959634732013	-0.3903443120430522	1.1113618600651378	1.3566924181337283	1.293507447813117	Open Water
-83.93537	43.78198	1	42	-0.1778622071962506	-0.44581412800649645	1.9825531496493853	0.45222983968006614	-0.38065328989151276	-0.4318986664698281	-1.0803150093749163	-1.5251121519841688	Emergent Herbaceous Wetlands
-83.93298	43.77758	1	43	-0.22570004980794553	-0.41294569755039906	1.7143236498329504	0.43835149522807637	-0.375237718189502	-0.3301057332683081	-1.1499437930180205	-1.5251121519841688	Open Water
-84.24963	46.17782	1	44	0.5130379897254532	-0.41294569755039906	-0.5464685011802023	0.1399707851461345	-0.3914844322761873	-1.6439063169784365	-0.3143983893007709	-0.3458938907302354	Open Water
-84.16903	46.1803	1	45	2.120458974902415	-0.31434040618210696	-0.6231054489229277	0.1399707851461345	-0.38720898080731164	-1.4881968428135812	-0.38402717294387506	-0.3458938907302354	Evergreen Forest
-83.92222	43.83022	1	46	-0.18626301576384657	-0.3800772670943017	2.4040569103850635	0.32705742195317694	-0.30341014112351533	-0.22400129641611552	-1.0803150093749163	-1.4963503496476145	Open Water
-83.9166	43.82852	1	47	-0.14121497602993308	-0.41294569755039906	NA	0.3179304333108201	-0.39690000363841565	-0.1433463564937433	-1.0803150093749163	-1.4675893701818388	Open Water
-83.91786	43.82101	1	48	-0.4427799018042345	-0.34720883663820434	2.6339677536132395	0.34329358207009736	0.04888701669152589	-0.24686288025198	-1.0803150093749163	-1.4963503496476145	Open Water
-83.93741	43.77256	1	49	0.13385392375297317	-0.41294569755039906	1.752642306421209	0.4700501956930685	-0.3778029891387839	-0.4133536408023979	-1.0106862257318123	-1.5251121519841688	Open Water
-83.91993	43.83894	1	50	-0.5093674408507872	-0.34720883663820434	2.289101306054079	0.3108212618362565	-0.3393239262586854	-0.17397167961147553	-1.0803150093749163	-1.4963503496476145	Open Water
-83.9249	43.79997	1	51	-0.8358886194100953	-0.41294569755039906	NA	0.39200083054224577	-0.39690000363841565	-0.12264305174209596	-1.2195725766611247	-1.4963503496476145	Open Water
-83.344713	41.897803	1	52	-0.9534383159159899	-0.41294569755039906	-0.9296536053276215	0.1399707851461345	-0.39690000363841565	1.030701865625004	1.5655787690630407	1.0921773000695725	Developed High Intensity
-83.92171	43.81601	1	53	-0.7526692752706015	-0.3800772670943017	2.4423752015395297	0.3595297421870178	0.09819722841216309	-0.20588590475842408	-1.0803150093749163	-1.4963503496476145	Open Water
-83.92244	43.80346	1	54	-0.9909076457015157	-0.41294569755039906	NA	0.37576467042532535	0.2529685679837688	-0.18518260000677675	-1.1499437930180205	-1.4963503496476145	Open Water
-83.336091	41.898362	1	55	-1.0329369496582634	-0.4786825584625938	NA	0.1399707851461345	-0.39690000363841565	1.2097025576354627	1.4263212017768323	1.120938279535348	Emergent Herbaceous Wetlands
-83.93292	43.77335	1	56	0.09796046212550477	-0.41294569755039906	NA	0.45537975329303776	-0.37808801894223093	-0.3452035778223049	-1.0803150093749163	-1.5251121519841688	Open Water
-83.189119	42.111871	1	57	-0.49353344648513153	-0.3800772670943017	-0.7380610532539119	0.2648475520059478	-0.38863413118367607	1.0095689268636179	1.2174348508475201	1.2647448226057836	Open Water
-83.343074	41.904243	1	58	-0.6946402289301349	-0.44581412800649645	-0.8913351314562589	0.1399707851461345	-0.39690000363841565	1.2062503220042675	1.4263212017768323	1.0921773000695725	Emergent Herbaceous Wetlands
-83.338595	41.902021	1	59	-0.7235912677646331	-0.44581412800649645	-1.0446090269417097	0.1399707851461345	-0.395759883320335	1.2998448273964194	1.4263212017768323	1.120938279535348	Emergent Herbaceous Wetlands
-84.17689	46.18405	1	60	1.7861709969384232	-0.41294569755039906	NA	0.1399707851461345	-0.38720898080731164	-1.4946666255484709	-0.38402717294387506	-0.3458938907302354	Open Water
-84.17418	46.18354	1	61	1.9977230487927444	-0.41294569755039906	NA	0.1399707851461345	-0.38720898080731164	-1.4782798789652578	-0.45365595658697916	-0.3458938907302354	Open Water
-83.1533	42.096752	1	62	0.16343924981519647	-0.3800772670943017	-0.3931944229778554	0.33144783732925465	0.2466979150261929	1.2394635582159557	1.287063634490624	1.351029406744668	Open Water
-82.62748	42.58473	1	63	-0.810715711356672	-0.44581412800649645	-0.048327975418695	1.1389836881460278	-0.30768559225260866	0.8206512710048359	-0.3143983893007709	1.005892715930688	Emergent Herbaceous Wetlands
-84.26025	46.2091	1	64	-0.6561547326756285	-0.44581412800649645	-0.6231054489229277	0.09208027219428337	-0.38948922195314645	-1.8060805193604201	-0.17514082201456266	-0.3458938907302354	Emergent Herbaceous Wetlands
-83.217305	42.047794	1	65	-0.9102150872112432	-0.44581412800649645	-0.584786975051565	0.19824603480402805	0.5830333603560627	1.1273189726386121	1.287063634490624	1.2647448226057836	Open Water
-83.869907	43.961164	1	66	-0.47035345033504694	-0.34720883663820434	1.9825531496493853	0.08855463560440278	-0.37609280759984315	-0.3732409878460812	-0.8017998748024998	-1.3813047860429544	Woody Wetlands
-83.833085	43.988827	1	67	-0.2826404510164806	-0.41294569755039906	0.7563608894644023	0.08371212077742143	-0.39690000363841565	-0.5388674258592598	-0.8017998748024998	-1.3813047860429544	Open Water
-83.83726	43.983858	1	68	-0.47830191162092944	-0.41294569755039906	NA	0.0777904802856129	-0.3321981743768632	-0.5112596498452223	-0.8017998748024998	-1.3813047860429544	Open Water
-83.854788	43.971734	1	69	-0.9203946122178749	-0.41294569755039906	NA	0.08574595236718134	-0.37609280759984315	-0.43621017012050073	-0.8017998748024998	-1.3813047860429544	Open Water
-83.823686	44.007746	1	70	0.30836260903066226	-0.21573511481381488	1.9825531496493853	0.0761693280311465	-0.3903443120430522	-0.38445190824138237	-0.8017998748024998	-1.3813047860429544	Woody Wetlands
-83.897472	43.924987	1	71	1.285392525081849	-0.41294569755039906	NA	0.14721669514672067	-0.13581245903766412	-0.2257299414905939	-0.871428658445604	-1.4963503496476145	Open Water
-83.897741	43.92588	1	72	1.0014223000682063	-0.34720883663820434	1.90591620190666	0.13335682887392314	-7.081990091014301e-4	-0.3193244468827457	-0.7321710911593957	-1.4963503496476145	Woody Wetlands
-83.573818	45.093196	1	73	2.1288573878347004	0.5731072161325218	-0.20160187090414577	-2.2387800408700014	-0.39690000363841565	-0.9740664596535927	-0.5232847402300833	-0.20208652478902095	Open Water
-83.558376	45.114657	1	74	2.4110173681374496	0.507370355220327	-0.16328321431588697	-2.2536882358423056	-0.19025319906557192	-0.9537927889116842	-0.45365595658697916	-0.20208652478902095	Open Water
-83.564277	45.096456	1	75	2.1107593897627726	0.507370355220327	-0.31655747523513	-2.236080378890014	-0.39690000363841565	-0.9568153905331406	-0.5232847402300833	-0.20208652478902095	Open Water
-83.79497	43.63982	1	76	-0.5955283470870788	-0.41294569755039906	0.9862720981263707	1.3511427503597229	-0.3903443120430522	0.11630927543908762	-1.5677164948766453	-1.3525438065771789	Open Water
-83.791155	43.633662	1	77	-0.765921245342482	-0.41294569755039906	0.9479534415381119	1.3125677034779895	-0.3966149735588955	0.19653458135172105	-1.4980877112335411	-1.3525438065771789	Open Water
-83.7792	43.63587	1	78	-0.8377369803899508	-0.41294569755039906	NA	1.273993888474869	-0.39690000363841565	0.2284488064986696	-1.4980877112335411	-1.3525438065771789	Open Water
-83.44364	41.77906	1	79	-0.24469084982515035	-0.44581412800649645	-1.006290553070347	0.1399707851461345	-0.39690000363841565	1.4249289784435426	1.4263212017768323	0.9771317364649125	Emergent Herbaceous Wetlands
-83.444089	41.773598	1	80	0.07781291248681976	-0.4786825584625938	-1.0446090269417097	0.1399707851461345	-0.39690000363841565	1.3619547416513613	1.4263212017768323	0.9771317364649125	Emergent Herbaceous Wetlands
-83.94286	43.76323	1	81	0.5122683063234683	-0.41294569755039906	NA	0.5033330920541426	-0.39690000363841565	-0.341321708181371	-1.1499437930180205	-1.5251121519841688	Open Water
-83.439219	41.764382	1	82	0.190308695460656	-0.44581412800649645	-0.7380610532539119	0.1399707851461345	-0.39690000363841565	1.465471265409598	1.4959499854199365	0.9771317364649125	Emergent Herbaceous Wetlands
-83.441302	41.767341	1	83	0.12318333628683811	-0.5115509889186911	-0.7763795271252746	0.1399707851461345	-0.39690000363841565	1.4797047874263556	1.4959499854199365	0.9771317364649125	Open Water
-83.954491	43.762671	1	84	0.6034061449178592	-0.41294569755039906	NA	0.5187944005236014	0.0021421017436274495	-0.42111738008426564	-1.0106862257318123	-1.5538731314499443	Emergent Herbaceous Wetlands
-83.192961	42.057672	1	85	-1.03852377440416	-0.41294569755039906	-0.6614239227942904	0.24819748067512104	-0.08992262126794294	1.1557860166721272	1.3566924181337283	1.2647448226057836	Developed, Open Space
-83.196903	42.04319	1	86	-0.8601312081581068	-0.41294569755039906	-0.4698313707205808	0.24819748067512104	-0.22502687042347114	1.2972569143024635	1.2174348508475201	1.3222684272788925	Emergent Herbaceous Wetlands
-83.215868	41.993344	1	87	-0.9234879763128909	-0.44581412800649645	-0.7380610532539119	0.21489733801346758	-0.39690000363841565	1.2467926089703232	1.3566924181337283	1.3797903862104435	Open Water
-84.186269	46.174661	1	88	1.886502257154655	-0.3800772670943017	-0.6614239227942904	0.1399707851461345	-0.35984609385294025	-1.596029924740252	-0.3143983893007709	-0.3458938907302354	Woody Wetlands
-84.18295	46.17307	1	89	2.075897762487009	-0.44581412800649645	-0.584786975051565	0.1399707851461345	-0.38692395100386456	-1.5313320973913542	-0.38402717294387506	-0.3458938907302354	Woody Wetlands
-83.492474	42.481695	1	90	1.9736534163583292	3.3669238049007975	0.06662762891228921	0.1399707851461345	1.0228348186926943	0.08999545597202804	0.5211470144164787	0.45942587737316354	Developed, Medium Intensity
-83.443674	41.79886	1	91	-0.8764623824091488	-0.3800772670943017	-1.2362015790154193	0.1399707851461345	-0.39690000363841565	1.4602954392216863	1.4263212017768323	0.9771317364649125	Open Water
-84.24586	46.17366	1	92	0.7893721271860553	-0.11712982344552281	-0.584786975051565	0.1399707851461345	-0.39205449222286365	-1.4498128349317427	-0.3143983893007709	-0.3458938907302354	Woody Wetlands
-84.16203	46.17466	1	93	2.4670899504546626	-0.41294569755039906	-0.6231054489229277	0.1399707851461345	-0.3874940112903233	-1.4066775803539697	-0.5232847402300833	-0.3458938907302354	Woody Wetlands
-83.94318	43.76828	1	94	0.20985203165060634	-0.41294569755039906	1.9825531496493853	0.48472063809309923	-0.3852137708240531	-0.4875387979898803	-0.9410574420887081	-1.5251121519841688	Emergent Herbaceous Wetlands
-84.15806	46.1749	1	95	2.667617973076108	-0.2814719757260096	-0.6231054489229277	0.1399707851461345	-0.3946197630022543	-1.3928787468647126	-0.5929135238731874	-0.3458938907302354	Woody Wetlands
-83.28587	41.99492	1	96	-1.0950243947215628	-0.34720883663820434	-0.9296536053276215	0.1399707851461345	0.23358651416678486	0.9862777090180146	1.4263212017768323	1.1496992590011235	Cultivated Crops
-84.15573	46.17555	1	97	2.5344815673815906	-0.34720883663820434	-0.6231054489229277	0.1399707851461345	-0.39433473302891614	-1.4278155736331175	-0.45365595658697916	-0.3458938907302354	Open Water
-83.246875	41.982325	1	98	-0.15916564253024923	-0.4786825584625938	-0.9679720791989842	0.14829582081154785	0.14665234120855405	1.0596035981860195	1.4263212017768323	1.2647448226057836	Open Water
-84.185907	46.175187	1	99	1.7175387831541387	-0.41294569755039906	NA	0.1399707851461345	-0.36098621306672835	-1.5869722289114063	-0.38402717294387506	-0.3458938907302354	Open Water
-84.17982	46.17793	1	100	1.9173351103049556	-0.31434040618210696	-0.6231054489229277	0.1399707851461345	-0.38720898080731164	-1.5321913654108317	-0.38402717294387506	-0.3458938907302354	Open Water
-82.61868	42.57757	1	101	-0.5251991251395361	-0.44581412800649645	0.21990188983153225	1.1389836881460278	-0.3718173564707498	0.795636462602516	-0.24476960565766678	1.005892715930688	Open Water
-84.25025	46.17722	1	102	0.39659813544607003	-0.31434040618210696	-0.4698313707205808	0.12353752445116346	-0.3914844322761873	-1.5757562539983436	-0.3143983893007709	-0.3458938907302354	Woody Wetlands
-83.248347	41.983797	1	103	-0.3416361362048379	-0.44581412800649645	-0.8913351314562589	0.14829582081154785	-0.20450470282921632	1.0276843185213094	1.4263212017768323	1.2647448226057836	Emergent Herbaceous Wetlands
-83.332335	41.919664	1	104	-0.9682511921200361	-0.4786825584625938	-1.0446090269417097	0.1399707851461345	-0.37124729686385577	1.2705185153434269	1.4263212017768323	1.1496992590011235	Open Water
-83.94564	43.75816	1	105	0.8216901031122177	-0.41294569755039906	NA	0.5219443141365729	-0.39690000363841565	-0.15930346906721757	-1.2195725766611247	-1.5251121519841688	Open Water
-83.95303	43.75575	1	106	0.8991616978427749	-0.3800772670943017	2.2124643583113537	0.5381989524326857	0.13297088889702782	-0.34218603071861015	-1.0106862257318123	-1.5251121519841688	Open Water
-83.158873	42.093837	1	107	-0.04404723779996085	-0.3800772670943017	-0.3931944229778554	0.31479776599842796	-0.2281621969022591	1.213149738748896	1.147806067204416	1.3222684272788925	Developed, Low Intensity
-83.55617	45.1123	1	108	2.211485929805279	0.5402387856764245	-0.20160187090414577	-2.2505192281108353	-0.12013580489765527	-0.9641444412875079	-0.38402717294387506	-0.17332554532324543	Open Water
-83.20273	42.09457	1	109	-0.4736599404143164	-0.2814719757260096	-0.4698313707205808	0.23154740934429432	0.6027005051373127	0.9854133864807755	1.287063634490624	1.2647448226057836	Emergent Herbaceous Wetlands
-83.53769	45.110322	1	110	1.8255747487633835	0.6059756465886191	0.10494628550054805	-2.244179980769282	-0.3068304987648796	-0.9809658763982213	-0.45365595658697916	-0.17332554532324543	Woody Wetlands
-83.2675	41.945295	1	111	0.7962554719010941	-0.3800772670943017	-0.5464685011802023	0.1399707851461345	0.5305878439027065	1.192446433997249	1.3566924181337283	1.235983843140008	Emergent Herbaceous Wetlands
-83.93983	43.7641	1	112	0.45063151876340446	-0.41294569755039906	NA	0.4878705517060708	-0.38549880062750014	-0.28654589919855794	-1.2195725766611247	-1.5251121519841688	Open Water
-83.549273	45.11193	1	113	2.0160688240025277	0.6059756465886191	0.06662762891228921	-2.2473496044400587	-0.2404184879643864	-0.966302720371725	-0.45365595658697916	-0.17332554532324543	Woody Wetlands
-83.80013	43.6365	1	114	-0.7997801067342843	-0.41294569755039906	0.9862720981263707	1.3897165653628434	-0.3914844322761873	0.09387732561296191	-1.4980877112335411	-1.3525438065771789	Open Water
-83.81638	43.64275	1	115	-0.717506910204934	-0.41294569755039906	NA	1.4068606200174096	-0.3909143723295109	0.3759598528541569	-1.5677164948766453	-1.3525438065771789	Open Water
-83.294067	44.805777	1	116	-0.6833461773743751	-0.24860354526991224	0.5647683373906927	-2.1044898735903512	-0.3190867952635242	-0.3999793868051179	-0.9410574420887081	-0.11580276352091542	Woody Wetlands
-83.90478	43.66976	1	117	0.7643875331797385	-0.34720883663820434	1.0629090458690962	1.6411639321750926	0.2538236669080151	0.0317674113580199	-1.2892013603042287	-1.410066588379509	Open Water
-83.84203	43.65255	1	118	-0.6077847167913295	-0.3800772670943017	0.7180422328761434	1.5168686120205286	-0.39547485326205123	0.2633856332670745	-1.4284589275904371	-1.3525438065771789	Open Water
-83.8402	43.65395	1	119	-0.5083885243719288	-0.3800772670943017	0.7180422328761434	1.4840094819022633	-0.3926245525093223	0.30220432967641325	-1.4284589275904371	-1.3525438065771789	Open Water
-83.75773	43.63123	1	120	-0.4388978603415554	-0.41294569755039906	NA	1.1596989588991486	-0.22673704652589466	0.1551279718484264	-1.4980877112335411	-1.2662592224382945	Emergent Herbaceous Wetlands
-83.94831	43.73854	1	121	1.4515361652047953	-0.41294569755039906	1.867597545318401	1.2397057791657367	0.2809015240589394	-0.15930346906721757	-1.2195725766611247	-1.5251121519841688	Open Water
-83.258123	41.975479	1	122	-0.04964104625058033	-0.4786825584625938	-1.006290553070347	0.1399707851461345	-0.23642807343438665	1.0608975547329975	1.4263212017768323	1.235983843140008	Open Water
-82.861676	42.570415	1	123	-0.511423665973053	-0.24860354526991224	-0.6231054489229277	0.9142052614226414	5.242704996123525	0.34318130516996914	0.5907757980595828	0.833324370523698	Developed, Medium Intensity
-84.21356	46.16603	1	124	1.5847232214744547	-0.24860354526991224	-0.6614239227942904	0.1399707851461345	-0.34388440855035507	-1.4843149731726473	-0.3143983893007709	-0.3458938907302354	Open Water
-83.243484	41.994279	1	125	-0.41900933877084606	-0.44581412800649645	-1.159564631272694	0.14829582081154785	-0.3105358930053375	1.0544277719981077	1.3566924181337283	1.235983843140008	Cultivated Crops
-84.23148	46.16845	1	126	1.0439484202871234	-0.41294569755039906	-0.7380610532539119	0.1399707851461345	-0.34331435166171964	-1.6568458824482162	-0.24476960565766678	-0.3458938907302354	Open Water
-82.805173	42.5763	1	127	-0.9352694754855869	-0.31434040618210696	-0.20160187090414577	1.0307569926170412	-0.36098621306672835	0.4928506306096736	0.3122606634871663	0.833324370523698	Woody Wetlands
-84.22821	46.16626	1	128	1.3035658145492577	0.01434389837886664	-0.8146980009966374	0.1399707851461345	-0.37694789836931353	-1.4593001647703272	-0.24476960565766678	-0.3458938907302354	Woody Wetlands
-83.932903	43.868264	1	129	-0.48072278666085416	-0.3800772670943017	1.7909605975756757	0.25104188839211417	-0.30996583068018485	-0.26368431536269343	-0.9410574420887081	-1.5251121519841688	Cultivated Crops
-84.19779	46.1662	1	130	1.9067282638497673	-0.05139296253332808	-0.5081500273088396	0.1399707851461345	-0.3464496781405076	-1.5645402790852807	-0.3143983893007709	-0.3458938907302354	Woody Wetlands
-84.2335	46.16829	1	131	0.9082916351288808	-0.24860354526991224	-0.6231054489229277	0.1399707851461345	-0.3778029891387839	-1.5265859052131812	-0.3143983893007709	-0.3458938907302354	Open Water
-84.19425	46.17121	1	132	1.7023422416771545	-0.41294569755039906	-0.6997425793825492	0.1399707851461345	-0.34331435166171964	-1.6482178206291092	-0.24476960565766678	-0.3458938907302354	Open Water
-83.78571	43.98687	1	133	0.8257014233232738	-0.41294569755039906	0.21990188983153225	0.1133215551150769	-0.39690000363841565	-0.5129882949197007	-0.9410574420887081	-1.3525438065771789	Open Water
-82.857379	42.567932	1	134	-0.6996703786154946	-0.21573511481381488	NA	0.9308565646320809	2.0840018411242216	0.4229769770728638	0.5907757980595828	0.833324370523698	Developed, Open Space
-82.789021	42.569644	1	135	-0.7278698724296465	-0.3800772670943017	-0.4698313707205808	1.0640571352786947	2.7863160161840383	0.8223748615615526	0.24263187984406215	0.8620861728602525	Developed, Medium Intensity
-82.846625	42.56179	1	136	-1.0830807195941687	-0.3800772670943017	NA	0.9475066359629076	3.400555828397112	0.44497423837148914	0.45151823077337455	0.833324370523698	Developed, Medium Intensity
-82.85403	42.56541	1	137	-0.8436339436553861	-0.14999825390162017	-0.3931944229778554	0.9308565646320809	4.888127512896631	0.34663354080116426	0.5211470144164787	0.833324370523698	Developed, Medium Intensity
-82.80975	42.57642	1	138	-0.6958244855784869	-0.34720883663820434	-0.43151289684921806	1.0141069212862146	1.6903752027912324	0.41736646235745156	0.5211470144164787	0.833324370523698	Developed, Medium Intensity
-82.579513	42.578798	1	139	-0.21039476359953369	-0.41294569755039906	-0.1249649231614204	1.1389836881460278	-0.3074005610900323	0.6981550330516686	-0.24476960565766678	1.063416320603797	Woody Wetlands
-83.706513	43.604673	1	140	-0.14931299340593004	-0.41294569755039906	1.2161829413545469	1.1122740960629423	-0.39604491337861875	0.13528393511625658	-1.5677164948766453	-1.1512136588336344	Open Water
-82.59964	42.57996	1	141	-0.4204831678373859	-0.44581412800649645	-0.4698313707205808	1.1389836881460278	-0.38948922195314645	0.7063534608610368	-0.24476960565766678	1.063416320603797	Cultivated Crops
-83.631546	43.623334	1	142	0.8733215197969016	-0.34720883663820434	0.9479534415381119	1.0766149058577452	-0.3735275380096906	0.3397290695387741	-1.6373452785197495	-1.06492907469475	Woody Wetlands
-83.71403	43.60945	1	143	0.25065397891300956	-0.41294569755039906	1.1395459936118215	1.1183792864680604	-0.3552856115612706	0.166773580771228	-1.4980877112335411	-1.1799746382994099	Open Water
-83.784086	43.631935	1	144	-0.9300770215079233	-0.3800772670943017	0.9862720981263707	1.3254260524385673	-0.3698221464874913	-0.009639198145274778	-1.4980877112335411	-1.3525438065771789	Woody Wetlands
-83.778624	43.631939	1	145	-1.1440836784660786	-0.3800772670943017	1.0629090458690962	1.2839942790537127	0.14636733722856393	-0.002734726882884577	-1.5677164948766453	-1.3525438065771789	Woody Wetlands
-83.353702	44.886685	1	146	0.13428548034252538	-0.41294569755039906	0.3348571287287242	-2.0952162913930694	-0.38863413118367607	-0.5134179289294395	-1.0106862257318123	-0.14456374298669095	Open Water
-82.81773	42.5822	1	147	-0.45617081872413895	-0.24860354526991224	-0.16328321431588697	0.9974568499553879	2.772634433396098	0.403132940340694	0.5211470144164787	0.833324370523698	Woody Wetlands
-83.200232	42.066954	1	148	-0.7019372913075012	-0.31434040618210696	-0.584786975051565	0.23154740934429432	-0.22958734727862354	1.0539930834706073	1.287063634490624	1.2647448226057836	Developed, Open Space
-83.263728	41.977763	1	149	-0.24283371910888932	-0.44581412800649645	-0.8913351314562589	0.1399707851461345	0.10475292884186711	1.0695205620343426	1.4263212017768323	1.235983843140008	Open Water
-83.191496	42.063067	1	150	-0.7593291842137101	-0.5115509889186911	-0.6997425793825492	0.2648475520059478	-0.39690000363841565	1.2342877320280439	1.287063634490624	1.2647448226057836	Open Water
-83.267036	41.978456	1	151	-0.4070981544473543	-0.44581412800649645	-0.853016474868	0.1399707851461345	0.18598650029464017	1.0367420143501551	1.3566924181337283	1.235983843140008	Cultivated Crops
-83.27918	41.98682	1	152	-0.8117847422244967	-0.41294569755039906	-0.9296536053276215	0.1399707851461345	-0.04545791212851725	1.0608975547329975	1.3566924181337283	1.1784618842084569	Cultivated Crops
-84.147	46.21928	1	153	2.5008369228436917	-0.3800772670943017	-0.20160187090414577	0.1399707851461345	-0.3934796425992281	-1.5106287926397068	-0.45365595658697916	-0.3458938907302354	Open Water
-83.250376	41.984406	1	154	-0.18777799842268902	-0.41294569755039906	-1.121246157401331	0.1399707851461345	-0.2572352667547006	1.0169030321357468	1.4263212017768323	1.235983843140008	Cultivated Crops
-84.21781	46.16391	1	155	1.4381633866665295	-0.24860354526991224	-0.8146980009966374	0.1399707851461345	-0.3572808242627877	-1.4782798789652578	-0.24476960565766678	-0.3458938907302354	Open Water
-82.66694	42.57885	1	156	-0.2585586692887036	-0.4786825584625938	0.18158323324327344	1.1389836881460278	-0.3906293418464992	1.1031634322557697	-0.24476960565766678	1.005892715930688	Open Water
-83.24007	41.98102	1	157	-0.3219308379561996	-0.4786825584625938	-0.8146980009966374	0.1649458921423746	0.7303939440658562	1.1393942155711525	1.4263212017768323	1.293507447813117	Open Water
-83.27733	41.98265	1	158	-0.5196216583440721	-0.3800772670943017	-0.9679720791989842	0.1399707851461345	-0.1437932880976636	1.0190562567022023	1.3566924181337283	1.1784618842084569	Cultivated Crops
-84.1449	46.22585	1	159	2.5367430471149457	-0.34720883663820434	-0.43151289684921806	0.1399707851461345	-0.3934796425992281	-1.5287441842973983	-0.3143983893007709	-0.3458938907302354	Woody Wetlands
-84.13551	46.23069	1	160	2.7594977741496023	-0.41294569755039906	-0.5464685011802023	0.1399707851461345	-0.3934796425992281	-1.5494474890490455	-0.3143983893007709	-0.3458938907302354	Open Water
-84.13279	46.23256	1	161	2.9825297104130746	-0.41294569755039906	-0.6997425793825492	0.1399707851461345	-0.3934796425992281	-1.535643601042027	-0.3143983893007709	-0.3458938907302354	Open Water
-84.20795	46.16539	1	162	1.7414307963419422	-0.18286668435771752	-0.584786975051565	0.1399707851461345	-0.34559459008929583	-1.4847496617001477	-0.38402717294387506	-0.3458938907302354	Mixed Forest
-84.14756	46.2165	1	163	2.493564116273847	-0.41294569755039906	NA	0.1399707851461345	-0.3934796425992281	-1.4045243557875142	-0.45365595658697916	-0.3458938907302354	Open Water
-84.1507	46.21584	1	164	2.268266593473629	-0.41294569755039906	NA	0.1399707851461345	-0.3940497028856868	-1.3980545730526244	-0.45365595658697916	-0.3458938907302354	Open Water
-83.2844	41.99061	1	165	-0.8735912990476095	-0.3800772670943017	-0.8146980009966374	0.1399707851461345	0.5759076084742405	0.9897299446492097	1.4263212017768323	1.1496992590011235	Cultivated Crops
-84.03964	46.06678	1	166	-0.20310518758251353	-0.41294569755039906	-0.43151289684921806	0.1399707851461345	-0.39690000363841565	-1.3182589011497299	-0.8017998748024998	-0.3458938907302354	Open Water
-84.15437	46.2296	1	167	2.314319602220406	-0.31434040618210696	-0.3931944229778554	0.1399707851461345	-0.3934796425992281	-1.5261562712034424	-0.3143983893007709	-0.3458938907302354	Open Water
-84.04647	46.0751	1	168	-0.3718284135847225	-0.41294569755039906	-0.35487576638959656	0.1399707851461345	-0.3775179579762076	-1.3674292499348921	-0.8017998748024998	-0.3458938907302354	Open Water
-82.80392	42.57295	1	169	-0.7505188931247825	-0.41294569755039906	-0.27823881864687117	1.0307569926170412	-0.39205449222286365	0.6735698586590874	0.3122606634871663	0.833324370523698	Open Water
-83.388546	41.893408	1	170	-0.5886168536571386	-0.3800772670943017	-0.6997425793825492	0.1399707851461345	0.024659460293330417	1.0781486238534497	1.3566924181337283	1.005892715930688	Open Water
-82.82104	42.57353	1	171	-0.42833511924360645	-0.41294569755039906	0.06662762891228921	0.9974568499553879	3.750572552069956	0.6407913109748996	0.3122606634871663	0.833324370523698	Open Water
-82.60715	42.5736	1	172	-0.1015287959135153	-0.44581412800649645	-0.1249649231614204	1.1389836881460278	-0.3877790410937703	0.8141814882699461	-0.3143983893007709	1.063416320603797	Cultivated Crops
-83.217114	42.015833	1	173	-0.5297809915673704	-0.41294569755039906	-1.0829276835299684	0.19824603480402805	-0.39690000363841565	0.9681623173603232	1.4263212017768323	1.293507447813117	Emergent Herbaceous Wetlands
-82.61542	42.57522	1	174	-0.3512954233362173	-0.44581412800649645	0.1432645766550146	1.1389836881460278	-0.3718173564707498	0.7688930091257176	-0.3143983893007709	1.005892715930688	Emergent Herbaceous Wetlands
-82.5932	42.553085	1	175	0.5462832476336867	-0.44581412800649645	-0.08664626657316157	1.1389836881460278	-0.2891586373598709	0.8314325573903983	-0.3143983893007709	1.063416320603797	Emergent Herbaceous Wetlands
-83.46123	43.73638	1	176	-0.9928361749058777	-0.34720883663820434	0.5647683373906927	1.124622447277814	0.05800801389396867	0.2521747128717733	-1.915860413092166	-0.9211225316243143	Emergent Herbaceous Wetlands
-83.282366	43.939061	1	177	-0.9222714855358487	-0.08426139298942545	0.41149444190524187	1.0807084384881342	0.5702070069687828	0.20990378083123942	-1.4284589275904371	-0.5759850179395555	Developed, Low Intensity
-83.232955	42.028345	1	178	-0.4607004945255602	-0.41294569755039906	-0.7763795271252746	0.1815959634732013	-0.25780532907985326	0.9297732549607233	1.4263212017768323	1.2647448226057836	Cultivated Crops
-82.849	42.55548	1	179	-0.831677092533783	-0.44581412800649645	NA	0.9475066359629076	2.6936812417203497	0.42556489016681975	0.45151823077337455	0.833324370523698	Open Water
-83.233888	42.028128	1	180	-0.2831663785255959	-0.41294569755039906	-0.7380610532539119	0.1649458921423746	-0.23614303683529309	0.8892309679946677	1.4263212017768323	1.2647448226057836	Cultivated Crops
-82.60604	42.56551	1	181	0.221499182739491	-0.44581412800649645	0.06662762891228921	1.1389836881460278	-0.38350359064424167	0.8184929919206188	-0.3143983893007709	1.063416320603797	Emergent Herbaceous Wetlands
-82.60362	42.59576	1	182	-1.0217065535550467	-0.41294569755039906	-0.1249649231614204	1.1389836881460278	-0.2905837877362354	0.7568177661931772	-0.24476960565766678	1.005892715930688	Open Water
-82.59498	42.58372	1	183	-0.7360502825486528	-0.44581412800649645	-0.2399205274924046	1.1389836881460278	-0.37723292817276055	0.69125561630704	-0.24476960565766678	1.005892715930688	Cultivated Crops
-82.59457	42.56855	1	184	-0.09954520987620784	-0.44581412800649645	-0.31655747523513	1.1389836881460278	-0.3914844322761873	0.7805386180485192	-0.24476960565766678	1.063416320603797	Cultivated Crops
-82.79609	42.58128	1	185	-1.1305241860902304	-0.41294569755039906	-0.4698313707205808	1.047407063947868	-0.08650224731702691	0.6645121628302417	0.24263187984406215	0.833324370523698	Open Water
-82.57487	42.57905	1	186	-0.04102882286680997	-0.34720883663820434	0.06662762891228921	1.1389836881460278	0.19767275077768376	0.7421495556489192	-0.24476960565766678	1.063416320603797	Woody Wetlands
-82.82955	42.57024	1	187	-0.6300244260819418	-0.2814719757260096	0.10494628550054805	0.9808067786245611	1.578358418002698	0.6356154847869878	0.3122606634871663	0.833324370523698	Woody Wetlands
-83.80459	43.98569	1	188	0.37108701502181013	-0.41294569755039906	0.6797239417216768	0.10147827413145984	-0.39690000363841565	-0.5060838236573105	-0.8017998748024998	-1.3525438065771789	Open Water
-83.74633	43.98968	1	189	1.2616264538646682	-0.41294569755039906	0.37317578531698303	0.14829582081154785	-0.39690000363841565	-0.32924646524883056	-1.0106862257318123	-1.29502020190407	Open Water
-83.84608	43.98935	1	190	-0.6406414112079986	-0.41294569755039906	1.7143236498329504	0.07186760791519156	-0.3321981743768632	-0.4413859963084126	-0.8017998748024998	-1.3813047860429544	Open Water
-83.68763	43.9888	1	191	0.3918094315766731	-0.31434040618210696	1.4077754934282565	0.2648475520059478	0.13012058814429894	0.014086708227828886	-1.1499437930180205	-1.1512136588336344	Open Water
-83.75809	43.98859	1	192	1.447168750916476	-0.41294569755039906	0.37317578531698303	0.13700934896092382	-0.39690000363841565	-0.34822112492599955	-1.0106862257318123	-1.29502020190407	Open Water
-83.83624	43.99203	1	193	-0.2404415916926937	-0.34720883663820434	2.0208718062376443	0.06947406777048926	-0.3701071776500677	-0.4694234063321889	-0.871428658445604	-1.3813047860429544	Emergent Herbaceous Wetlands
-83.69788	43.99349	1	194	0.1368519757859826	-0.2814719757260096	1.1395459936118215	0.24819748067512104	-0.21248555363528476	-0.05190507566804701	-1.0803150093749163	-1.1799746382994099	Woody Wetlands
-83.83258	43.99507	1	195	-0.08750560238837865	-0.2814719757260096	1.7909605975756757	0.07618780621033874	-0.36925208688059724	-0.49789045036570395	-0.8017998748024998	-1.3813047860429544	Emergent Herbaceous Wetlands
-83.74385	43.99174	1	196	1.0703442146082847	-0.41294569755039906	0.4498127330597084	0.14829582081154785	-0.38863413118367607	-0.43146903246008933	-1.0106862257318123	-1.29502020190407	Emergent Herbaceous Wetlands
-83.74027	43.99689	1	197	0.8774346545086649	-0.41294569755039906	NA	0.1649458921423746	-0.39690000363841565	-0.34390962127532687	-1.0106862257318123	-1.29502020190407	Open Water
-83.72673	44.00253	1	198	0.5008912631158715	-0.31434040618210696	0.7180422328761434	0.1815959634732013	-0.35386046118490616	-0.31975408089248447	-1.0106862257318123	-1.23749742010174	Woody Wetlands
-83.73453	44.00058	1	199	0.703368990646658	-0.31434040618210696	0.8329978372071276	0.1649458921423746	-0.35386046118490616	-0.4051552129930297	-1.0106862257318123	-1.23749742010174	Woody Wetlands
-83.7036	43.99941	1	200	0.23854609581882377	-0.3800772670943017	0.7180422328761434	0.23154740934429432	0.2940128814262095	-0.13558261721187553	-1.1499437930180205	-1.1799746382994099	Open Water
-82.64195	42.58346	1	201	-0.9974936214888062	-0.4786825584625938	0.1432645766550146	1.1389836881460278	-0.2922939638386589	1.003528778138467	-0.3143983893007709	0.9771317364649125	Open Water
-83.464265	41.769851	1	202	-0.014423496014361466	-0.4786825584625938	-1.1978831051440566	0.1399707851461345	-0.36611675496529206	1.2580085838833859	1.4959499854199365	0.8908471523260281	Emergent Herbaceous Wetlands
-83.259102	41.974098	1	203	-0.002373707076461569	-0.3800772670943017	-0.7763795271252746	0.1399707851461345	-0.39205449222286365	1.0505459023571737	1.3566924181337283	1.235983843140008	Emergent Herbaceous Wetlands
-83.1442	42.246	1	204	-0.775997886368357	-0.31434040618210696	NA	0.3480979086600814	3.108969922218106	0.14995214566051454	1.2174348508475201	1.1496992590011235	Developed, Medium Intensity
-83.215801	42.003722	1	205	-0.775778129607797	-0.5115509889186911	-0.8913351314562589	0.21489733801346758	-0.39690000363841565	1.0509755363669127	1.3566924181337283	1.3797903862104435	Emergent Herbaceous Wetlands
-83.30132	41.94522	1	206	0.2146289284602574	-0.3800772670943017	-1.006290553070347	0.1399707851461345	1.413325934832275	1.1488865999274986	1.4263212017768323	1.1784618842084569	Developed, Low Intensity
-83.29469	41.94603	1	207	0.3854837565386171	-0.44581412800649645	-1.0829276835299684	0.1399707851461345	0.7435053449252642	1.1462986868335427	1.3566924181337283	1.1784618842084569	Open Water
-83.85696	43.9813	1	208	-1.0407232670738495	-0.34720883663820434	1.867597545318401	0.07584657583458859	-0.3418892012853552	-0.4435442753926297	-0.7321710911593957	-1.3813047860429544	Emergent Herbaceous Wetlands
-83.84026	43.98226	1	209	-0.6166424072360486	-0.41294569755039906	NA	0.08610566092212374	-0.39690000363841565	-0.365042560036713	-0.7321710911593957	-1.3813047860429544	Open Water
-83.85909	43.98211	1	210	-0.9578994380462418	-0.2814719757260096	1.9442348584949187	0.0707158014122082	-0.36697184573476244	-0.42499924972519953	-0.6625423075162916	-1.3813047860429544	Woody Wetlands
-83.22322	42.002777	1	211	-0.854061866098302	-0.44581412800649645	-1.0446090269417097	0.19824603480402805	-0.39604491337861875	1.038900293434372	1.3566924181337283	1.3222684272788925	Emergent Herbaceous Wetlands
-83.84944	43.97508	1	212	-0.8442482529957875	-0.41294569755039906	1.867597545318401	0.08097611837835617	-0.3321981743768632	-0.4224113366312436	-0.7321710911593957	-1.3813047860429544	Open Water
-83.76666	43.9868	1	213	1.5167020658112214	-0.3800772670943017	0.37317578531698303	0.1310877084691153	-0.39690000363841565	-0.4435442753926297	-1.0106862257318123	-1.3237820042406243	Emergent Herbaceous Wetlands
-83.77595	43.98643	1	214	1.0552008904585608	-0.41294569755039906	0.37317578531698303	0.11924442748549824	-0.39690000363841565	-0.5328272771341088	-0.9410574420887081	-1.3525438065771789	Emergent Herbaceous Wetlands
-83.77127	43.98637	1	215	1.2856130946472466	-0.3800772670943017	0.37317578531698303	0.12516606797730676	-0.39690000363841565	-0.4840865623586852	-1.0106862257318123	-1.3525438065771789	Emergent Herbaceous Wetlands
-83.79564	43.98777	1	216	0.5974735251875753	-0.41294569755039906	0.29653883757425764	0.10739991462326837	-0.39690000363841565	-0.4909910336210754	-0.871428658445604	-1.3525438065771789	Open Water
-83.8186	43.98662	1	217	-0.07154690664895762	-0.41294569755039906	1.1395459936118215	0.08963376126922996	-0.3951898231188219	-0.5358448242378036	-0.8017998748024998	-1.3813047860429544	Open Water
-83.8094	43.98798	1	218	0.1475022003519762	-0.41294569755039906	0.9862720981263707	0.0955554017610385	-0.3949047931454837	-0.49918440691268195	-0.8017998748024998	-1.3813047860429544	Emergent Herbaceous Wetlands
-83.32104	41.93533	1	219	-0.3353086644402989	-0.3800772670943017	NA	0.1399707851461345	3.091012888301073	1.1531981035781713	1.4263212017768323	1.1496992590011235	Developed, Low Intensity
-82.61688	42.57222	1	220	-0.3389117855060826	-0.4786825584625938	0.18158323324327344	1.1389836881460278	-0.3718173564707498	0.882761185259778	-0.24476960565766678	1.0346536953964636	Open Water
-83.549302	43.697759	1	221	-1.0355450585704447	-0.34720883663820434	0.48813138964796726	1.0947912747898516	-0.2375681872116575	0.2819357134522663	-1.7766028458059577	-0.9211225316243143	Woody Wetlands
-83.45422	45.06865	1	222	-0.9884122706813466	-0.24860354526991224	0.18158323324327344	-2.183725537845316	-0.16289031618858846	-1.0698192441299617	-0.5232847402300833	-0.05827998171858542	Open Water
-84.22087	46.22526	1	223	0.5622948184667523	-0.44581412800649645	-1.0829276835299684	0.1399707851461345	-0.39604491337861875	-1.7318953621729378	-0.24476960565766678	-0.3458938907302354	Emergent Herbaceous Wetlands
-82.63969	42.58295	1	224	-0.8841978674379848	-0.4786825584625938	NA	1.1389836881460278	-0.37438262742003164	0.9526348387965877	-0.3143983893007709	1.005892715930688	Open Water
-83.17042	42.10786	1	225	-0.2018375542695068	-0.2814719757260096	-0.7380610532539119	0.2981476946676012	1.2195054836467112	1.1937403905442268	1.2174348508475201	1.2647448226057836	Developed, Low Intensity
-84.22131	46.22434	1	226	0.4832126723401343	-0.41294569755039906	-1.2362015790154193	0.1399707851461345	-0.39690000363841565	-1.7064458652431174	-0.17514082201456266	-0.3458938907302354	Open Water
-84.405343	45.946568	1	227	1.0743194291728715	-0.24860354526991224	0.48813138964796726	-0.5896585984389027	-0.39547485326205123	-1.0840527661467192	-0.9410574420887081	-0.3458938907302354	Open Water
-83.574855	45.082749	1	228	1.4849780363253189	0.7045809379569112	-0.7763795271252746	-2.220702838166227	-0.3966149735588955	-1.1608258364281576	-0.3143983893007709	-0.20208652478902095	Developed, Medium Intensity
-83.578673	45.087814	1	229	1.8442737090646957	0.6388440770447165	-0.20160187090414577	-2.232206736592013	-0.3966149735588955	-1.0301362251833837	-0.38402717294387506	-0.20208652478902095	Woody Wetlands
-83.575042	45.093294	1	230	2.1628415281194946	0.5731072161325218	-0.010009318830436174	-2.2414803187892947	-0.3966149735588955	-0.997357677499196	-0.45365595658697916	-0.20208652478902095	Woody Wetlands
-83.19109	42.0692	1	231	-0.7508202726027162	-0.5115509889186911	-0.584786975051565	0.2648475520059478	-0.30711552992745594	1.2972569143024635	1.147806067204416	1.2647448226057836	Open Water
-83.5715	45.12191	1	232	2.7726169575785438	0.6059756465886191	-0.20160187090414577	-2.2658967688346228	-0.2868783989322947	-1.035746739898796	-0.38402717294387506	-0.20208652478902095	Woody Wetlands
-83.37543	44.9007	1	233	-0.716841351380563	-0.41294569755039906	-0.31655747523513	-2.092985975164565	-0.38863413118367607	-0.49357894671503133	-0.871428658445604	-0.14456374298669095	Open Water
-83.376236	44.899971	1	234	-0.6262133553153438	-0.18286668435771752	0.3348571287287242	-2.089346389802999	-0.39319461279578105	-0.5776861222685986	-0.9410574420887081	-0.08704096118436096	Woody Wetlands
-83.38353	44.90108	1	235	-0.9465693450128156	-0.3800772670943017	-0.35487576638959656	-2.0902856972452715	-0.38863413118367607	-0.5160058420233954	-0.9410574420887081	-0.14456374298669095	Open Water
-83.223026	42.029564	1	236	-0.5885437867801604	-0.41294569755039906	-0.853016474868	0.19824603480402805	-0.3778029891387839	0.9884359881022318	1.4263212017768323	1.2647448226057836	Emergent Herbaceous Wetlands
-83.447567	45.042117	1	237	-0.46033456123184197	-0.3800772670943017	-0.4698313707205808	-2.165178373450752	0.5220369416445199	-0.8964290668349152	-0.45365595658697916	-0.05827998171858542	Open Water
-84.249106	46.205617	1	238	-0.12942186230390007	-0.41294569755039906	-0.8146980009966374	0.1399707851461345	-0.39690000363841565	-1.7383651449078277	-0.3143983893007709	-0.3458938907302354	Open Water
-83.214758	42.032135	1	239	-0.6291796224012838	-0.44581412800649645	-0.9679720791989842	0.21489733801346758	-0.3946197630022543	1.0574453191018023	1.3566924181337283	1.2647448226057836	Emergent Herbaceous Wetlands
-83.459967	45.0748	1	240	-0.7774353531132157	-0.24860354526991224	0.02830933775782265	-2.185721181198079	-0.1429382109194863	-1.058603269216899	-0.45365595658697916	-0.08704096118436096	Woody Wetlands
-83.43988	45.07318	1	241	-0.8167579314024229	-0.2814719757260096	NA	-2.1797348670790972	2.3807180798958774	-1.270812142921284	-0.38402717294387506	-0.02951817938203095	Developed, Medium Intensity
-83.46181	45.06456	1	242	-0.7262390436918481	-0.11712982344552281	-0.7380610532539119	-2.1797348670790972	-0.15006396280130851	-1.1293412452909477	-0.38402717294387506	-0.08704096118436096	Developed, Open Space
-84.252414	46.204633	1	243	-0.3320506859760722	-0.44581412800649645	-0.7763795271252746	0.12388984173442896	-0.3966149735588955	-1.7685557794980593	-0.24476960565766678	-0.3458938907302354	Emergent Herbaceous Wetlands
-83.78246	45.05818	1	244	2.1177714143173607	1.230475825254469	-0.16328321431588697	-2.196403416589116	-0.36811196494855053	-1.150044550042595	-0.24476960565766678	-0.5184622361372254	Woody Wetlands
-83.78345	45.05747	1	245	1.9737177562781039	1.0990021034300796	0.02830933775782265	-2.1878344689583655	-0.38065328989151276	-1.1513385065895732	-0.17514082201456266	-0.5759850179395555	Woody Wetlands
-83.44397	45.07538	1	246	-0.7223735577803345	-0.11712982344552281	-0.20160187090414577	-2.1872474787993585	0.033495410023645124	-1.114243400736951	-0.45365595658697916	-0.02951817938203095	Developed, Medium Intensity
-83.4602	45.0751	1	247	-0.596864341564846	-0.08426139298942545	0.10494628550054805	-2.1917081112563666	1.7000662949379313	-1.0435104791806638	-0.5232847402300833	-0.08704096118436096	Developed, Medium Intensity
-83.448235	45.073833	1	248	-1.019346371507928	-0.21573511481381488	NA	-2.1817298944925536	2.8678345481246637	-1.1349467054885984	-0.45365595658697916	-0.02951817938203095	Developed, Medium Intensity
-83.452717	45.077383	1	249	-0.7116591216321722	-0.11712982344552281	-0.16328321431588697	-2.1894777950278623	0.6836490291179577	-1.097856654153738	-0.45365595658697916	-0.05827998171858542	Developed, Medium Intensity
-83.56538	45.1197	1	250	2.578285759038797	0.6717125075008139	-0.010009318830436174	-2.2624924722881046	-0.31994188331473594	-1.0413522000964466	-0.38402717294387506	-0.17332554532324543	Woody Wetlands
-83.502026	42.478409	1	251	2.0083825992247695	3.6298712485495765	0.21990188983153225	0.1399707851461345	1.79868663139493	0.14692954403905822	0.45151823077337455	0.45942587737316354	Developed, Low Intensity
-84.239355	46.217681	1	252	0.03963452812331216	-0.41294569755039906	-0.6614239227942904	0.1399707851461345	-0.39604491337861875	-1.7055815427058783	-0.17514082201456266	-0.3458938907302354	Emergent Herbaceous Wetlands
-83.193623	42.108368	1	253	-0.36411934471310786	-0.34720883663820434	-0.7763795271252746	0.24819748067512104	-0.22303165772195402	0.9582402989942383	1.2174348508475201	1.2647448226057836	Developed, Open Space
-83.192442	42.105441	1	254	-0.2106823253952286	-0.24860354526991224	-0.5081500273088396	0.24819748067512104	-0.3909143723295109	0.974632100095213	1.2174348508475201	1.2647448226057836	Deciduous Forest
-83.190883	42.1011	1	255	-0.19110801706304634	-0.44581412800649645	NA	0.2648475520059478	-0.3837886204476887	1.1143794071688324	1.2174348508475201	1.2647448226057836	Open Water
-83.8742	44.996767	1	256	-0.6859796650481296	1.5262916993593454	-0.4698313707205808	-2.02736626521706	-0.3595610626903639	-1.1474566369486392	-0.38402717294387506	-0.6910305815442155	Open Water
-83.79107	45.02411	1	257	1.0807424696746288	1.2962126861666639	-0.43151289684921806	-2.135714300789409	-0.303980203448668	-1.2294055334179894	-0.3143983893007709	-0.6047468202761099	Woody Wetlands
-83.83745	44.99848	1	258	-0.6009845776241376	1.0661336729739823	-0.35487576638959656	-2.0550699833406885	-0.39690000363841565	-1.1138137667272123	-0.38402717294387506	-0.6622696020784399	Open Water
-83.8437	44.99132	1	259	-0.8605664223694283	1.0332652425178848	NA	-2.036757491821866	-0.39690000363841565	-1.0810352190430246	-0.38402717294387506	-0.6622696020784399	Open Water
-83.446957	41.785791	1	260	-0.5651537447483648	-0.3800772670943017	-1.2362015790154193	0.1399707851461345	-0.39690000363841565	1.5189581723631949	1.4263212017768323	0.9771317364649125	Open Water
-83.43819	41.75343	1	261	0.040852708678832506	-0.5115509889186911	NA	0.1399707851461345	-0.39690000363841565	1.638431808694906	1.4959499854199365	0.9771317364649125	Open Water
-83.515798	42.45855	1	262	2.6918453752074174	3.5312659571812843	-0.1249649231614204	0.1399707851461345	2.246183849573364	0.3384351129917961	0.45151823077337455	0.45942587737316354	Developed, Medium Intensity
-83.8793	45.002483	1	263	-0.31052581715050936	1.1976073947983716	-0.5081500273088396	-2.0308882061711024	-0.3595610626903639	-1.253131439791093	-0.38402717294387506	-0.6910305815442155	Open Water
-82.64176	42.60575	1	264	-0.42228845016084976	-0.4786825584625938	NA	1.1389836881460278	-0.39604491337861875	0.9694562739073012	-0.24476960565766678	0.9771317364649125	Open Water
-83.679863	43.587758	1	265	-1.036307031021273	-0.41294569755039906	1.1395459936118215	1.0929878045006884	-0.15234419035585023	0.01106410660637256	-1.5677164948766453	-1.1512136588336344	Emergent Herbaceous Wetlands
-83.900848	43.921411	1	266	1.4005565324414457	-0.3800772670943017	2.0208718062376443	0.147630606360627	-0.33989398858383807	-0.31673653378878974	-0.8017998748024998	-1.4963503496476145	Emergent Herbaceous Wetlands
-83.660845	43.599738	1	267	-0.479591148430935	-0.3800772670943017	1.0245903892808372	1.085079143806407	0.014398403678789222	0.28279498147174387	-1.5677164948766453	-1.12245185649708	Open Water
-83.68288	43.58176	1	268	-0.936696568273966	-0.41294569755039906	1.2161829413545469	1.090628756957145	-0.28174784887895515	-0.004028683429862535	-1.358830143947333	-1.1512136588336344	Cultivated Crops
-83.432034	43.820457	1	269	-0.2960378703750857	-0.41294569755039906	NA	0.7810034588974147	-0.39690000363841565	0.04686525591201663	-1.846231629449062	-0.9211225316243143	Emergent Herbaceous Wetlands
-83.215936	42.016646	1	270	-0.48851249432819704	-0.5115509889186911	-0.8913351314562589	0.21489733801346758	-0.39690000363841565	1.0276843185213094	1.3566924181337283	1.3222684272788925	Emergent Herbaceous Wetlands
-83.18212	42.026209	1	271	-0.5035121659176793	-0.5115509889186911	NA	0.28149762333677447	-0.39690000363841565	1.5081718314598707	1.2174348508475201	1.3797903862104435	Open Water
-84.171265	46.172734	1	272	2.2696605109908745	-0.41294569755039906	-0.584786975051565	0.1399707851461345	-0.38720898080731164	-1.4549886611196545	-0.45365595658697916	-0.3458938907302354	Woody Wetlands
-83.211538	42.038845	1	273	-0.95228451805944625	-0.44581412800649645	-0.8146980009966374	0.21489733801346758	-0.3108209187313966	1.1484519113999982	1.287063634490624	1.2647448226057836	Emergent Herbaceous Wetlands
-83.439465	44.26597	1	274	0.3344038493258312	-0.31434040618210696	0.9096347849498531	-0.45621042019111274	-0.10559927540795178	-0.06613859768480455	-0.7321710911593957	-0.7197923838807699	Open Water
-83.326051	44.447226	1	275	0.27796670264936324	-0.18286668435771752	0.2582201809859988	-0.7543644646082964	0.44507882132084015	-0.402137665889335	-0.45365595658697916	-0.4897012566714499	Barren Land (Rock/Sand/Clay)
-83.454915	44.276894	1	276	-0.2737662477997981	-0.24860354526991224	0.8329978372071276	-0.45209348186708026	-0.3532904015780121	-0.2835232975771016	-0.5929135238731874	-0.7197923838807699	Open Water
-83.488626	44.278416	1	277	-1.1033918943330188	-0.34720883663820434	NA	-0.39755698379908455	1.7653380777942915	-0.5595707306109072	-0.38402717294387506	-0.8348379474854299	Open Water
-83.199892	42.084104	1	278	-0.8572712473890819	-0.41294569755039906	-0.7380610532539119	0.24819748067512104	4.421533418849755	1.075131076749755	1.287063634490624	1.2647448226057836	Developed, Medium Intensity
-83.43556	45.06628	1	279	-0.866402660557656	-0.31434040618210696	NA	-2.1744519556480344	4.063535713894429	-1.1690242642375257	-0.45365595658697916	-0.02951817938203095	Developed, Medium Intensity
-83.508072	42.484678	1	280	1.6899896615476555	3.597002818093479	0.5264496808024338	0.1399707851461345	0.0862259739491294	-0.0363775971043115	0.45151823077337455	0.45942587737316354	Developed High Intensity
-83.801222	45.008296	1	281	0.3745629107409118	1.3619495470788585	-0.27823881864687117	-2.095333319861287	-0.38065328989151276	-1.0745654363081347	-0.45365595658697916	-0.6047468202761099	Woody Wetlands
-83.886437	45.010531	1	282	0.07905795838118218	1.0332652425178848	-0.27823881864687117	-2.033940185434355	-0.36469160458892763	-1.3790748588576938	-0.3143983893007709	-0.7197923838807699	Emergent Herbaceous Wetlands
-83.80539	45.01512	1	283	0.5183739251465503	1.0332652425178848	-0.2399205274924046	-2.107893554197563	-0.3937646727424574	-1.150044550042595	-0.45365595658697916	-0.6622696020784399	Open Water
-84.332044	42.5232	1	284	-0.8743585440350816	3.564134387637382	3.9751156181292067	0.1399707851461345	-0.39690000363841565	0.10250538743206886	0.3122606634871663	-0.7773151656830999	Woody Wetlands
-84.129938	46.169515	1	285	2.3495662423139696	-0.3800772670943017	-0.7380610532539119	0.1399707851461345	-0.37808801894223093	-1.3549193184748514	-0.6625423075162916	-0.3458938907302354	Woody Wetlands
-84.0264	46.130406	1	286	0.5316048478510579	-0.31434040618210696	-0.08664626657316157	0.1399707851461345	-0.36497663575150396	-1.276852291646435	-0.8017998748024998	-0.31713208839368096	Open Water
-83.210529	42.093363	1	287	-0.3425238902042816	-0.21573511481381488	-0.3931944229778554	0.21489733801346758	-0.3949047931454837	0.9000122543802301	1.287063634490624	1.2647448226057836	Emergent Herbaceous Wetlands
-83.40665	41.84541	1	288	-1.0916323622805382	-0.41294569755039906	-1.3128387094750407	0.1399707851461345	0.05458761819698365	1.314942671950416	1.3566924181337283	1.005892715930688	Emergent Herbaceous Wetlands
-83.39558	41.85626	1	289	-0.7907356209041292	-0.41294569755039906	-1.1978831051440566	0.1399707851461345	0.6628417814324713	1.3593668285574054	1.4263212017768323	1.005892715930688	Open Water
-83.41292	41.84689	1	290	-0.8492984661268749	-0.44581412800649645	-1.2362015790154193	0.1399707851461345	-0.28146282315289606	1.252832757695474	1.4263212017768323	0.9771317364649125	Cultivated Crops
-84.186454	46.235778	1	291	1.5200509928588528	-0.41294569755039906	-0.8913351314562589	0.1399707851461345	-0.36839699611112686	-1.571444750347671	-0.17514082201456266	-0.31713208839368096	Open Water
-83.416758	41.828508	1	292	-0.3015277253648991	-0.4786825584625938	-0.8913351314562589	0.1399707851461345	-0.3589910030834699	1.410695456426785	1.3566924181337283	0.9771317364649125	Emergent Herbaceous Wetlands
-83.414724	41.831066	1	293	-0.4331497473094019	-0.44581412800649645	-1.0829276835299684	0.1399707851461345	-0.09334297347279001	1.4551196130337745	1.3566924181337283	0.9771317364649125	Developed High Intensity
-83.38821	41.87342	1	294	-0.9552212888856224	-0.3800772670943017	-1.0829276835299684	0.1399707851461345	1.2559894724564824	1.1553563826623885	1.4959499854199365	1.005892715930688	Developed, Low Intensity
-83.39397	41.8748	1	295	-0.7253816201466068	-0.41294569755039906	-1.159564631272694	0.1399707851461345	-0.20051427742618208	1.1445700417590643	1.4263212017768323	1.005892715930688	Cultivated Crops
-83.422854	41.822162	1	296	-0.05001938551287215	-0.4786825584625938	NA	0.1399707851461345	0.20821885486435301	1.3921504307593549	1.3566924181337283	0.9771317364649125	Open Water
-83.427127	41.825693	1	297	-0.1286631303776215	-0.3800772670943017	-1.006290553070347	0.1399707851461345	-0.378943108352572	1.2994151933866807	1.3566924181337283	0.9771317364649125	Emergent Herbaceous Wetlands
-82.64069	42.6055	1	298	-0.4294315501902979	-0.44581412800649645	0.18158323324327344	1.1389836881460278	-0.395759883320335	0.9202859251221387	-0.24476960565766678	0.9771317364649125	Woody Wetlands
-83.166075	42.089415	1	299	-0.18666539693764994	-0.4786825584625938	-0.2399205274924046	0.31479776599842796	0.2706404239522603	1.2705185153434269	1.287063634490624	1.3222684272788925	Open Water
-83.19316	42.01733	1	300	-0.4883297415773478	-0.5115509889186911	-0.8146980009966374	0.24819748067512104	-0.39604491337861875	1.1618261653972781	1.3566924181337283	1.3797903862104435	Open Water
-83.91533	43.86672	1	301	-0.4318258165665924	-0.41294569755039906	1.3694572022737899	0.24071012246642284	-0.3592760342460462	-0.25376229699660857	-1.0106862257318123	-1.5251121519841688	Open Water
-83.37424	44.901394	1	302	-0.48647988332542297	-0.41294569755039906	NA	-2.0956856371445522	-0.38863413118367607	-0.44872010158054154	-1.0106862257318123	-0.08704096118436096	Open Water
-83.899744	44.966717	1	303	0.1790676045569448	1.0990021034300796	-0.35487576638959656	-1.9766553661811657	-0.3889191616666877	-1.0900929148718703	-0.38402717294387506	-0.7773151656830999	Open Water
-83.90152	44.96457	1	304	0.557680482624617	1.3290811166227612	-0.048327975418695	-1.9606908352983714	-0.38692395100386456	-1.0913868714188482	-0.38402717294387506	-0.7773151656830999	Woody Wetlands
-83.467289	41.781782	1	305	-0.06254265465826253	-0.3800772670943017	-1.3128387094750407	0.1399707851461345	-0.3011299026959391	1.2247953476716977	1.4959499854199365	0.8908471523260281	Cultivated Crops
-83.520523	42.479592	1	306	2.12973316365759	3.5312659571812843	0.4498127330597084	0.1399707851461345	0.071974470185485	0.20947414682150065	0.3122606634871663	0.45942587737316354	Woody Wetlands
-83.450551	41.780135	1	307	-0.24257576052096308	-0.5115509889186911	-1.121246157401331	0.1399707851461345	-0.36611675496529206	1.2735360624471215	1.4263212017768323	0.9196081317918036	Open Water
-83.44791	41.80186	1	308	-1.023201911254982	-0.3800772670943017	-1.159564631272694	0.1399707851461345	1.3155606538073847	1.3766229521956195	1.4263212017768323	0.9483691112575791	Developed, Medium Intensity
-83.520298	42.483493	1	309	1.8243153290571565	3.597002818093479	0.2582201809859988	0.1399707851461345	-0.3914844322761873	-0.006616596523818453	0.5211470144164787	0.45942587737316354	Developed High Intensity
-83.516995	42.473846	1	310	2.438478877938282	3.5312659571812843	0.18158323324327344	0.1399707851461345	1.336082854020743	0.31730217423041	0.3818894471302704	0.45942587737316354	Developed, Low Intensity
-83.515912	42.474441	1	311	2.375467851293883	3.6298712485495765	0.29653883757425764	0.1399707851461345	2.975861016240509	0.25260434688151207	0.3818894471302704	0.45942587737316354	Developed, Low Intensity
-83.514641	42.48841	1	312	1.7480290604550008	3.564134387637382	0.4498127330597084	0.1399707851461345	1.268245730899506	-0.009639198145274778	0.45151823077337455	0.45942587737316354	Developed, Medium Intensity
-83.429543	41.823895	1	313	-0.2212843805797952	-0.4786825584625938	NA	0.1399707851461345	0.1808559502413006	1.322276777222545	1.3566924181337283	0.9771317364649125	Open Water
-83.43233	41.74903	1	314	0.20988052259912357	-0.5115509889186911	-0.6231054489229277	0.1399707851461345	-0.39690000363841565	1.733754959161536	1.4263212017768323	1.005892715930688	Open Water
-83.509064	42.482007	1	315	2.060688900599855	3.6298712485495765	0.37317578531698303	0.1399707851461345	1.7006363898821875	0.185748240448397	0.3818894471302704	0.45942587737316354	Developed, Low Intensity
-83.47458	41.7485	1	316	-0.9779122118090956	-0.4786825584625938	NA	0.1399707851461345	-0.37238741607764386	1.4969609110645696	1.4263212017768323	0.9196081317918036	Open Water
-83.45467	41.74841	1	317	-0.5147416636576546	-0.5115509889186911	NA	0.1399707851461345	-0.39690000363841565	1.6483538270609908	1.4263212017768323	0.9771317364649125	Open Water
-83.197901	42.029968	1	318	-0.8088762912300298	-0.4786825584625938	-0.9296536053276215	0.24819748067512104	-0.395759883320335	1.2511091671387573	1.3566924181337283	1.3797903862104435	Open Water
-83.43753	41.74685	1	319	-0.032255578566795104	-0.5115509889186911	NA	0.1399707851461345	-0.39690000363841565	1.6970894873186526	1.4263212017768323	1.005892715930688	Open Water
-83.47983	41.74307	1	320	-1.0180511135252441	-0.41294569755039906	-1.006290553070347	0.1399707851461345	-0.21248555363528476	1.410695456426785	1.4263212017768323	0.8908471523260281	Emergent Herbaceous Wetlands
-83.496326	42.488882	1	321	1.6513295833698778	3.2683185135325052	0.6030869939789515	0.1399707851461345	-0.14179808626918097	-0.04241774582946252	0.45151823077337455	0.45942587737316354	Developed, Medium Intensity
-83.204875	42.033119	1	322	-0.7773898788215132	-0.4786825584625938	-0.9679720791989842	0.23154740934429432	-0.39319461279578105	1.1462986868335427	1.3566924181337283	1.3222684272788925	Emergent Herbaceous Wetlands
-83.366986	43.852475	1	323	-1.0879667942746674	-0.31434040618210696	0.37317578531698303	0.8975551900918146	0.024659460293330417	0.29314663384756756	-1.7069740621628535	-0.7485533633465454	Open Water
-83.477667	41.756945	1	324	-0.7213963952487572	-0.44581412800649645	-1.121246157401331	0.1399707851461345	-0.3778029891387839	1.3123547588564601	1.4959499854199365	0.8908471523260281	Emergent Herbaceous Wetlands
-83.47331	41.75019	1	325	-0.7070456413740764	-0.5115509889186911	-0.9679720791989842	0.1399707851461345	-0.37723292817276055	1.410695456426785	1.4959499854199365	0.8908471523260281	Open Water
-83.43082	41.75058	1	326	0.27060602759865593	-0.5115509889186911	-0.6614239227942904	0.1399707851461345	-0.39690000363841565	1.6457659139670349	1.4959499854199365	1.005892715930688	Open Water
-83.86028	43.96892	1	327	-0.870581867746874	-0.24860354526991224	1.9442348584949187	0.08140850777145472	-0.37609280759984315	-0.4538959277684534	-0.7321710911593957	-1.3813047860429544	Woody Wetlands
-83.91563	43.88134	1	328	-0.12879506143652109	-0.41294569755039906	1.7909605975756757	0.2252660602975434	-0.329917935949287	-0.2278831660570494	-0.871428658445604	-1.5251121519841688	Open Water
-83.181374	42.024367	1	329	-0.2893672238522806	-0.4786825584625938	-0.6997425793825492	0.28149762333677447	-0.39690000363841565	1.4615893957686643	1.3566924181337283	1.4373139908835526	Emergent Herbaceous Wetlands
-83.91367	43.88396	1	330	0.18431892271652986	-0.41294569755039906	2.059190097392111	0.20982199812866392	-0.31196104338170194	-0.10539198262164372	-1.0106862257318123	-1.5251121519841688	Open Water
-83.912095	43.903527	1	331	0.8215778504862279	-0.41294569755039906	NA	0.17893387379090503	-0.21761608194255536	-0.3383041610776763	-0.871428658445604	-1.5251121519841688	Emergent Herbaceous Wetlands
-83.501312	43.710765	1	332	-0.545686427200329	-0.41294569755039906	NA	1.1021455901083657	-0.39690000363841565	0.3224780004183218	-1.915860413092166	-0.9211225316243143	Emergent Herbaceous Wetlands
-82.64356	42.59518	1	333	-0.7359030793146472	-0.44581412800649645	0.18158323324327344	1.1389836881460278	-0.3940497028856868	0.9271853418667673	-0.3143983893007709	0.9771317364649125	Open Water
-83.878413	43.955779	1	334	-0.07007119529753081	-0.41294569755039906	1.4077754934282565	0.09728495933343274	-0.3367586566685329	-0.4073134920772469	-0.8017998748024998	-1.4388275678452844	Open Water
-83.848807	43.635318	1	335	-0.9773705201640515	-0.3800772670943017	1.4460941500165152	1.5825881041356717	-0.38834910138022904	-0.1618913821611735	-1.358830143947333	-1.3525438065771789	Open Water
-83.850875	43.637141	1	336	-1.00079739508875	-0.3800772670943017	1.5610497543474995	1.6211619191387923	-0.3074005610900323	-0.15111009577561105	-1.358830143947333	-1.3525438065771789	Cultivated Crops
-83.21435	42.05873	1	337	-0.4576343380030021	-0.34720883663820434	-0.584786975051565	0.21489733801346758	0.26665002029529505	1.0220788583236586	1.287063634490624	1.2647448226057836	Developed, Low Intensity
-84.242107	46.216577	1	338	-0.20831227204725353	-0.44581412800649645	-0.6997425793825492	0.1399707851461345	-0.395759883320335	-1.78753549369299	-0.17514082201456266	-0.3458938907302354	Emergent Herbaceous Wetlands
-83.886376	43.945412	1	339	0.3302364705859601	-0.31434040618210696	1.4844124411709818	0.1075982470799318	-0.29115385006138805	-0.378416814033993	-0.7321710911593957	-1.4675893701818388	Woody Wetlands
-82.64907	42.57823	1	340	-0.8656324851948484	-0.4786825584625938	0.21990188983153225	1.1389836881460278	-0.2854532485559303	1.031995822171982	-0.3143983893007709	1.005892715930688	Open Water
-83.716423	43.606461	1	341	0.019084083960400056	-0.41294569755039906	1.2161829413545469	1.1171301615546645	-0.38321855948166533	0.02486799461339133	-1.4980877112335411	-1.1512136588336344	Emergent Herbaceous Wetlands
-83.392383	43.828546	1	342	-1.056929344243508	-0.41294569755039906	NA	0.8476049760993345	-0.36611675496529206	0.16547962422425005	-1.7069740621628535	-0.7773151656830999	Open Water
-84.24109	46.21612	1	343	0.016431516762563474	-0.44581412800649645	NA	0.1399707851461345	-0.39690000363841565	-1.7620859967631697	-0.17514082201456266	-0.3458938907302354	Open Water
-84.23332	46.21601	1	344	0.24137106320063095	-0.41294569755039906	NA	0.1399707851461345	-0.39690000363841565	-1.7150739270622244	-0.17514082201456266	-0.3458938907302354	Open Water
-84.25396	46.22029	1	345	-0.3955576946882023	-0.41294569755039906	-0.5081500273088396	0.1241251305494769	-0.39604491337861875	-1.753892623471563	-0.17514082201456266	-0.31713208839368096	Woody Wetlands
-84.242188	46.216681	1	346	-0.17971557334273758	-0.3800772670943017	-0.584786975051565	0.1399707851461345	-0.39604491337861875	-1.743106282568239	-0.10551203837145852	-0.31713208839368096	Emergent Herbaceous Wetlands
-83.649581	43.608742	1	347	0.31163350681388624	-0.41294569755039906	0.9096347849498531	1.0817481440373513	-0.3666868145721861	0.40011539323699935	-1.7069740621628535	-1.12245185649708	Open Water
-83.857271	43.965294	1	348	-0.6007081384209569	-0.41294569755039906	NA	0.0956465607783869	-0.39690000363841565	-0.3063848814129661	-0.8017998748024998	-1.3813047860429544	Open Water
-83.262626	41.985083	1	349	-0.4161743610557761	-0.41294569755039906	-1.0446090269417097	0.1399707851461345	-0.11728550414492639	1.0074106477794007	1.4263212017768323	1.235983843140008	Cultivated Crops
-83.15171	42.17823	1	350	0.23117387038358245	-0.44581412800649645	-0.3931944229778554	0.33144783732925465	0.6736729764834066	0.6787456848469993	1.2174348508475201	1.235983843140008	Open Water
-83.15771	42.17187	1	351	-0.05745740536075536	-0.11712982344552281	-0.20160187090414577	0.33144783732925465	0.31482008561955793	1.0652090583836702	1.0085484999182077	1.2647448226057836	Deciduous Forest
-83.1591	42.17269	1	352	-0.15919096781782008	-0.4786825584625938	NA	0.31479776599842796	-0.3156664321856426	0.949617291692893	1.0085484999182077	1.235983843140008	Open Water
-83.91118	43.67145	1	353	0.9551849985193095	-0.2814719757260096	1.0245903892808372	1.6683083774085024	-0.0676902666982301	-0.12911283447698574	-1.2892013603042287	-1.410066588379509	Woody Wetlands
-83.391622	43.843704	1	354	-0.6798108185645243	-0.24860354526991224	0.7180422328761434	0.8642550474301612	-0.3464496781405076	0.2823653474620051	-1.7069740621628535	-0.7485533633465454	Woody Wetlands
-84.10029	42.067271	1	355	-0.33549381282645885	3.761344970373966	-0.35487576638959656	0.1399707851461345	-0.20307955245285186	0.6774517283000213	1.5655787690630407	-0.25960930659135095	Woody Wetlands
-84.139129	42.071598	1	356	-1.139610554095972	3.7284765399178683	-0.2399205274924046	0.1399707851461345	-0.067405240972171	0.6796100073842384	1.4959499854199365	-0.25960930659135095	Woody Wetlands
-83.904583	44.992517	1	357	0.1971618380590985	1.2633442557105663	-0.27823881864687117	-1.999663163032738	-0.38606886091395887	-1.2022324459314522	-0.45365595658697916	-0.7773151656830999	Open Water
-84.435422	42.231339	1	358	0.7408122572033788	3.95855555311055	1.5227310977592408	0.1399707851461345	0.3088344801341101	0.2293131290359088	1.287063634490624	-0.5759850179395555	Developed, Open Space
-84.073848	42.369587	1	359	-0.9116044059642758	3.5312659571812843	2.059190097392111	0.1399707851461345	-0.303980203448668	0.2767598872643545	0.5211470144164787	-0.4609394543348954	Deciduous Forest
-83.89315	44.98061	1	360	0.02752561832827892	1.230475825254469	-0.5081500273088396	-1.9866329670056724	-0.38606886091395887	-1.081894487062502	-0.38402717294387506	-0.7773151656830999	Open Water
-83.84791	44.99363	1	361	-0.7994460867252415	1.5262916993593454	-0.3931944229778554	-2.0481437458401284	-0.38435868005458274	-1.1927451160928677	-0.24476960565766678	-0.6622696020784399	Deciduous Forest
-83.82669	44.98352	1	362	-0.4108499760192129	1.0003968120617874	NA	-2.050139389192891	-0.3917694624194166	-0.9990812680559128	-0.45365595658697916	-0.6622696020784399	Open Water
-84.25746	46.2098	1	363	-0.4326776360363747	-0.4786825584625938	-0.7380610532539119	0.12400687020264652	-0.3877790410937703	-1.7845128920715336	-0.17514082201456266	-0.3458938907302354	Emergent Herbaceous Wetlands
-83.81228	44.99994	1	364	0.0635079751374572	1.3290811166227612	-0.35487576638959656	-2.0758474639637567	-0.3917694624194166	-1.0180609822508433	-0.45365595658697916	-0.6622696020784399	Woody Wetlands
-83.80896	45.00306	1	365	0.16215082581002854	1.0003968120617874	-0.20160187090414577	-2.0881730254242914	-0.3940497028856868	-1.0555857221132041	-0.45365595658697916	-0.6622696020784399	Open Water
-83.82056	45.01664	1	366	0.1476670713963987	1.3619495470788585	-0.048327975418695	-2.0931030036327827	-0.3966149735588955	-1.1642780720593526	-0.38402717294387506	-0.6335077997418854	Deciduous Forest
-83.79215	45.01775	1	367	0.8899836767336459	1.2633442557105663	-0.31655747523513	-2.1280846606009307	-0.39604491337861875	-1.288068266559498	-0.3143983893007709	-0.6047468202761099	Woody Wetlands
-83.531275	45.110164	1	368	1.6410103842687884	0.6717125075008139	-0.010009318830436174	-2.241010357098505	-0.29172390151350625	-0.9727725031066148	-0.38402717294387506	-0.17332554532324543	Woody Wetlands
-83.524144	45.10638	1	369	1.2628831357019685	0.4745019247642297	0.02830933775782265	-2.2302110932392503	-0.2352879487840813	-0.9382653103479487	-0.45365595658697916	-0.17332554532324543	Open Water
-83.527164	45.107998	1	370	1.453970815147757	0.6388440770447165	-0.010009318830436174	-2.233145428094979	-0.329917935949287	-0.8977230233818932	-0.45365595658697916	-0.17332554532324543	Woody Wetlands
-83.761	43.63209	1	371	-0.6745710080102713	-0.41294569755039906	1.3694572022737899	1.2011307322840035	-0.32108200252852404	0.07490266593579295	-1.5677164948766453	-1.29502020190407	Emergent Herbaceous Wetlands
-83.76954	43.6348	1	372	-0.7540957477605518	-0.41294569755039906	NA	1.2354188415931355	-0.38977425175659347	0.1973938493711986	-1.4980877112335411	-1.3237820042406243	Open Water
-83.81652	43.64025	1	373	-1.0096230759955893	-0.41294569755039906	0.9862720981263707	1.428290380365964	-0.3686820272737032	0.07662625649250968	-1.4980877112335411	-1.3525438065771789	Open Water
-84.05255	46.11943	1	374	0.07060273466867041	-0.31434040618210696	-0.43151289684921806	0.1399707851461345	-0.38606886091395887	-1.3100655278581232	-0.871428658445604	-0.31713208839368096	Woody Wetlands
-84.05881	46.11379	1	375	-0.30375164495891793	-0.31434040618210696	-0.4698313707205808	0.1399707851461345	-0.37808801894223093	-1.4390264940284188	-0.6625423075162916	-0.31713208839368096	Woody Wetlands
-84.25777	46.19322	1	376	-0.13357281383021172	-0.41294569755039906	NA	0.1237728132662114	-0.3914844322761873	-1.7090337783370733	-0.24476960565766678	-0.3458938907302354	Open Water
-84.2629	46.19624	1	377	-0.27740051212462163	-0.44581412800649645	-0.584786975051565	0.0913768695063652	-0.3917694624194166	-1.6736673175589296	-0.3143983893007709	-0.3458938907302354	Open Water
-84.26201	46.20184	1	378	-0.5192057589424438	-0.44581412800649645	-0.6614239227942904	0.09172918678963068	-0.39690000363841565	-1.7763195187799272	-0.24476960565766678	-0.3458938907302354	Emergent Herbaceous Wetlands
-84.0946	42.3526	1	379	-0.6599020624312795	3.498397526725187	2.863878962275208	0.1399707851461345	-0.25980054178137035	0.29789282602574063	0.6604045817026869	-0.4897012566714499	Woody Wetlands
-84.0886	42.3238	1	380	-0.8746109413267508	3.7284765399178683	2.1358274105686283	0.1399707851461345	-0.3290628478980752	0.3298121056904508	0.7996621489888952	-0.43217765199834096	Woody Wetlands
-84.1257	42.349	1	381	-0.9998507662125845	3.4655290962690897	2.4423752015395297	0.1399707851461345	-0.26179574360985297	0.28279498147174387	0.7300333653457911	-0.5184622361372254	Deciduous Forest
-84.1352	42.3502	1	382	-0.9078361999580598	3.432660665812992	2.6339677536132395	0.1399707851461345	0.06171337007880585	0.26554391235129166	0.6604045817026869	-0.5472240384737799	Cultivated Crops
-84.1248	42.3461	1	383	-0.9601696233471996	3.5312659571812843	2.4423752015395297	0.1399707851461345	-0.19139332371587725	0.3375758449723186	0.5907757980595828	-0.5184622361372254	Woody Wetlands
-83.391762	43.843673	1	384	-0.48103866828825836	-0.41294569755039906	NA	0.8476049760993345	-0.3464496781405076	0.33153569624716756	-1.7069740621628535	-0.7485533633465454	Open Water
-83.521564	42.423262	1	385	4.329034524755856	2.512344613042266	0.1432645766550146	0.1399707851461345	0.9852108139629628	0.4139192812440181	0.3818894471302704	0.4306640750366091	Developed, Medium Intensity
-83.533394	42.469541	1	386	2.607495398149251	3.432660665812992	0.3348571287287242	0.1399707851461345	1.0684395437520806	0.37251267174072344	0.3122606634871663	0.4306640750366091	Open Water
-83.894915	43.939556	1	387	0.730565440512036	-0.34720883663820434	1.6760049932446914	0.1194969626011256	-0.28374306158047224	-0.3564195527353677	-0.7321710911593957	-1.4963503496476145	Cultivated Crops
-82.6639	42.58053	1	388	-0.48511548345754246	-0.4786825584625938	0.1432645766550146	1.1389836881460278	-0.3903443120430522	1.1139497731590937	-0.24476960565766678	1.005892715930688	Open Water
-84.0739	42.3648	1	389	-1.0680982024646795	3.5312659571812843	2.480693858127789	0.1399707851461345	-0.36098621306672835	0.2702901045294647	0.5907757980595828	-0.4609394543348954	Woody Wetlands
-84.0759	42.3718	1	390	-0.7918019780718302	3.4655290962690897	2.557330805870514	0.1399707851461345	-0.3572808242627877	0.2569158505321847	0.5211470144164787	-0.4609394543348954	Deciduous Forest
-84.0945	42.3603	1	391	-0.5739288713332666	3.498397526725187	2.863878962275208	0.1399707851461345	-0.25638017870348884	0.2603680861633798	0.5907757980595828	-0.4897012566714499	Woody Wetlands
-83.201452	42.019685	1	392	-0.4714307589784543	-0.4786825584625938	-0.8913351314562589	0.23154740934429432	-0.39547485326205123	1.0803069029376668	1.3566924181337283	1.3797903862104435	Emergent Herbaceous Wetlands
-84.10084	46.15169	1	393	1.477352386897561	-0.41294569755039906	-0.7380610532539119	0.1399707851461345	-0.39690000363841565	-1.3820924059613886	-0.5929135238731874	-0.3458938907302354	Emergent Herbaceous Wetlands
-84.11301	46.16096	1	394	1.8629309168648773	-0.41294569755039906	-0.584786975051565	0.1399707851461345	-0.3715323280264321	-1.3760573117539991	-0.5929135238731874	-0.3458938907302354	Open Water
-83.536335	42.477044	1	395	2.313798380423508	3.564134387637382	0.5264496808024338	0.1399707851461345	0.9019820841738451	0.2547626259657292	0.3122606634871663	0.4306640750366091	Woody Wetlands
-84.09999	46.15029	1	396	1.4046398928286323	-0.41294569755039906	-0.8146980009966374	0.1399707851461345	-0.39690000363841565	-1.3652709708506752	-0.5929135238731874	-0.3458938907302354	Open Water
-83.98474	46.02748	1	397	0.9121896760130995	-0.11712982344552281	-0.20160187090414577	NA	-0.3877790410937703	-1.2289758994082507	-0.9410574420887081	-0.2883711089279054	Evergreen Forest
-83.97456	46.01766	1	398	0.7797695652764985	-0.41294569755039906	-0.27823881864687117	NA	-0.3877790410937703	-1.161260524955658	-1.0106862257318123	-0.31713208839368096	Open Water
-84.02485	46.05104	1	399	0.1672478821672816	-0.41294569755039906	NA	0.1399707851461345	-0.3877790410937703	-1.2863396214850196	-0.871428658445604	-0.3458938907302354	Open Water
-83.26683	41.95885	1	400	0.17260777394148638	-0.2814719757260096	-0.853016474868	0.1399707851461345	-0.3911994021329579	1.0177623001552245	1.4263212017768323	1.235983843140008	Emergent Herbaceous Wetlands
-82.8364	42.56769	1	401	-0.7834160994457245	-0.2814719757260096	-0.1249649231614204	0.9641567072937344	2.906598568774356	0.5342572401129683	0.45151823077337455	0.833324370523698	Developed, Low Intensity
-82.83725	42.56583	1	402	-0.98826240444201785	-0.4786825584625938	NA	0.9641567072937344	4.331463984650943	0.5170011164747544	0.3818894471302704	0.833324370523698	Open Water
-82.80921	42.57196	1	403	-0.5837545267811378	-0.44581412800649645	NA	1.0141069212862146	4.381059287335846	0.6571831120758743	0.24263187984406215	0.833324370523698	Open Water
-84.0483	46.12142	1	404	0.1625078610297354	-0.3800772670943017	-0.3931944229778554	0.1399707851461345	-0.3809383196949598	-1.310495161867862	-0.871428658445604	-0.31713208839368096	Open Water
-82.64029	42.59729	1	405	-0.7485098534622983	-0.44581412800649645	0.10494628550054805	1.1389836881460278	-0.395759883320335	0.9366777262231134	-0.3143983893007709	0.9771317364649125	Emergent Herbaceous Wetlands
-82.61652	42.59626	1	406	-0.7971405444138491	-0.3800772670943017	0.02830933775782265	1.1389836881460278	-0.28830354930865915	0.7434435121958972	-0.24476960565766678	1.005892715930688	Open Water
-84.03971	46.12383	1	407	0.28425669983296975	-0.41294569755039906	NA	0.1399707851461345	-0.3775179579762076	-1.3027314225859943	-0.871428658445604	-0.31713208839368096	Open Water
-84.05257	46.11615	1	408	-0.22956061611123174	-0.3800772670943017	NA	0.1399707851461345	-0.37808801894223093	-1.370446797038587	-0.871428658445604	-0.31713208839368096	Open Water
-82.59491	42.60694	1	409	-0.8755812591860117	-0.41294569755039906	0.06662762891228921	1.1389836881460278	-0.2523897533004546	0.7421495556489192	-0.24476960565766678	1.005892715930688	Open Water
-83.92539	43.80886	1	410	-0.7772258205819284	-0.3800772670943017	2.3657382537968044	0.3702396948468437	-0.3142412818092782	-0.2830936635673628	-1.0106862257318123	-1.5251121519841688	Woody Wetlands
-84.06903	46.09171	1	411	-0.9662455534041091	-0.3800772670943017	-0.31655747523513	0.1399707851461345	-0.3778029891387839	-1.3320627891567485	-0.7321710911593957	-0.31713208839368096	Open Water
-83.92619	43.83021	1	412	-0.17553364967419402	-0.2814719757260096	2.557330805870514	0.336183178716921	-0.3678269365042328	-0.28525194265158	-1.0106862257318123	-1.4963503496476145	Woody Wetlands
-83.9156	43.84559	1	413	-0.7134621794371333	-0.41294569755039906	NA	0.2870423089730612	-0.39690000363841565	-0.16103211414169594	-1.0803150093749163	-1.4963503496476145	Open Water
-83.336704	41.922369	1	414	-1.0721345324666918	-0.4786825584625938	-1.1978831051440566	0.1399707851461345	-0.31994188331473594	1.1406881721181306	1.4263212017768323	1.0921773000695725	Open Water
-83.448853	45.039422	1	415	-0.1989112001790122	-0.41294569755039906	NA	-2.159661405083254	1.167915109609739	-0.9072103532204777	-0.5929135238731874	-0.08704096118436096	Open Water
-83.38775	45.07373	1	416	0.043595625551246235	-0.41294569755039906	-1.006290553070347	-2.1677610069625217	-0.39604491337861875	-0.8705499358953561	-0.5929135238731874	-7.571999162554238e-4	Open Water
-82.66207	42.62236	1	417	-0.5736732228222472	-0.4786825584625938	NA	1.1389836881460278	-0.39690000363841565	1.0130211624948129	-0.17514082201456266	0.8620861728602525	Open Water
-83.37609	45.07653	1	418	0.39404404597118636	-0.2814719757260096	-0.31655747523513	-2.169404333032019	-0.38207844026787724	-0.9037631721070443	-0.5232847402300833	-7.571999162554238e-4	Woody Wetlands
-83.684174	43.583	1	419	-0.8699580186444315	-0.41294569755039906	1.1778646502000802	1.0963175723911311	-0.3393239262586854	-0.006186962514079677	-1.4284589275904371	-1.1512136588336344	Woody Wetlands
-84.15257	46.2214	1	420	2.2760517237663604	-0.3800772670943017	-0.16328321431588697	0.1399707851461345	-0.3934796425992281	-1.4653403134954783	-0.5232847402300833	-0.3458938907302354	Open Water
-83.178131	42.139839	1	421	-0.8118229654414638	-0.24860354526991224	-0.6614239227942904	0.28149762333677447	2.237347986827325	0.7788150274918024	1.3566924181337283	1.2647448226057836	Developed, Medium Intensity
-83.1513	42.23486	1	422	-0.9437275654046312	-0.34720883663820434	NA	0.33144783732925465	2.784605557382718	0.30608619931734715	1.147806067204416	1.120938279535348	Developed, Medium Intensity
-82.87323	42.45701	1	423	-0.8886584334386108	-0.2814719757260096	-0.20160187090414577	0.8975551900918146	0.41543571088931497	0.40054502724673813	0.7300333653457911	1.0921773000695725	Open Water
-82.85031	42.54974	1	424	-0.4433993018696713	-0.3800772670943017	NA	0.9308565646320809	5.111876121985849	0.35784446119646546	0.5907757980595828	0.833324370523698	Open Water
-83.896817	45.007867	1	425	0.07678766613221938	1.0003968120617874	NA	-2.0165670013578048	-0.38606886091395887	-1.2147423773914932	-0.38402717294387506	-0.7773151656830999	Open Water
-83.899067	43.666218	1	426	0.38321064086232376	-0.2814719757260096	1.1012273370235626	1.664022671714514	0.8780394882635019	0.01926253441574072	-1.2892013603042287	-1.3813047860429544	Developed, Low Intensity
-83.880233	45.010167	1	427	-0.07157257417014432	1.131870533886177	-0.4698313707205808	-2.041335152747092	-0.3595610626903639	-1.3212764482534245	-0.3143983893007709	-0.6910305815442155	Woody Wetlands
-83.892733	45.008583	1	428	0.251407149543031	1.131870533886177	-0.20160187090414577	-2.0265446021823115	-0.38606886091395887	-1.347590267720484	-0.3143983893007709	-0.7197923838807699	Woody Wetlands
-83.79813	45.01061	1	429	0.7187205639516099	1.1976073947983716	-0.3931944229778554	-2.1152891374496066	-0.35813591231399944	-1.1616901589653967	-0.45365595658697916	-0.6047468202761099	Open Water
-82.65026	42.5747	1	430	-0.4635927963712805	-0.4786825584625938	0.21990188983153225	1.1389836881460278	-0.37210238763332615	1.1273189726386121	-0.24476960565766678	1.005892715930688	Open Water
-83.443559	41.765557	1	431	-0.0036657245345956273	-0.4786825584625938	-1.0446090269417097	0.1399707851461345	-0.36925208688059724	1.4249289784435426	1.4263212017768323	0.9771317364649125	Emergent Herbaceous Wetlands
-83.679397	44.026924	1	432	-1.06365746462417	-0.3800772670943017	0.9096347849498531	0.28149762333677447	-0.3188017641009478	-0.2835232975771016	-1.0106862257318123	-1.12245185649708	Emergent Herbaceous Wetlands
-83.85168	44.96152	1	433	-0.08036190345010283	1.0003968120617874	-0.6614239227942904	-1.9966111837694853	-0.39547485326205123	-0.8627861966134883	-0.5232847402300833	-0.7485533633465454	Open Water
-83.86123	44.9616	1	434	-0.06591990153760335	1.0003968120617874	-0.9296536053276215	-1.9906242537111976	-0.39547485326205123	-0.8847834579121137	-0.5232847402300833	-0.7485533633465454	Open Water
-83.84743	44.96295	1	435	-0.04610910977688772	1.0661336729739823	-0.3931944229778554	-2.0025974978884666	-0.39547485326205123	-0.9003109364758491	-0.5232847402300833	-0.7197923838807699	Woody Wetlands
-83.89986	44.96534	1	436	0.38502157004044874	1.0003968120617874	NA	-1.9666771494173527	-0.38692395100386456	-1.08318844360948	-0.38402717294387506	-0.8060761451488755	Open Water
-83.84559	44.96676	1	437	-0.3562092135921974	1.0003968120617874	-0.7763795271252746	-2.013984367846035	-0.39547485326205123	-0.8899592841000254	-0.5232847402300833	-0.7197923838807699	Open Water
-83.83705	44.97362	1	438	-0.2501076379379856	1.131870533886177	-0.6614239227942904	-2.0202059707800646	-0.39604491337861875	-0.8839191353748744	-0.45365595658697916	-0.6622696020784399	Woody Wetlands
-83.83172	44.97644	1	439	-0.30385251831718163	1.1976073947983716	NA	-2.038283173483839	-0.3929095826525517	-0.9844181120294164	-0.5232847402300833	-0.6622696020784399	Open Water
-83.9003	44.984917	1	440	0.18245109719977437	1.131870533886177	-0.20160187090414577	-1.9899202350839729	-0.38606886091395887	-1.181529141179805	-0.38402717294387506	-0.7773151656830999	Woody Wetlands
-83.82111	44.98885	1	441	-0.18216262925427273	1.4276864079910532	-0.5464685011802023	-2.056830337878403	-0.39319461279578105	-0.9585389810898572	-0.38402717294387506	-0.6622696020784399	Open Water
-83.81983	44.99382	1	442	-0.16197897396911845	1.0332652425178848	-0.5464685011802023	-2.068921226463196	-0.3917694624194166	-0.9934758078582622	-0.45365595658697916	-0.6622696020784399	Open Water
-83.87635	44.998517	1	443	-0.4745702818324044	1.0003968120617874	NA	-2.0204406436558062	-0.3595610626903639	-1.1401225316765102	-0.38402717294387506	-0.7485533633465454	Open Water
-82.65047	42.57705	1	444	-0.6980460095371949	-0.4786825584625938	0.1432645766550146	1.1389836881460278	-0.3595610626903639	1.0686612940148652	-0.3143983893007709	1.005892715930688	Open Water
-83.35694	41.90947	1	445	-0.5459027616247308	-0.44581412800649645	-0.853016474868	0.1399707851461345	-0.2920089381125998	0.9409892298737861	1.4959499854199365	1.0921773000695725	Emergent Herbaceous Wetlands
-83.36333	41.91108	1	446	-0.6646022133525823	-0.3800772670943017	-0.853016474868	0.1399707851461345	-0.3635514853751395	0.7732045127763902	1.5655787690630407	1.0921773000695725	Developed, Open Space
-83.843742	46.02477	1	447	0.5717471398189631	-0.18286668435771752	0.21990188983153225	NA	-0.3698221464874913	-0.8722735264520728	-1.0803150093749163	-0.20208652478902095	Evergreen Forest
-82.860084	42.563835	1	448	-0.6038677247206345	-0.24860354526991224	NA	0.9142052614226414	9.466280442754915	0.3052269312978696	0.6604045817026869	0.833324370523698	Developed, Medium Intensity
-83.35842	41.90245	1	449	-0.6520084013031305	-0.4786825584625938	-0.6997425793825492	0.1399707851461345	-0.39690000363841565	0.9685919513700619	1.4959499854199365	1.0921773000695725	Open Water
-83.35462	41.90127	1	450	-0.5591729984158559	-0.41294569755039906	-0.9296536053276215	0.1399707851461345	-0.39690000363841565	1.1074799904242039	1.4959499854199365	1.0921773000695725	Developed High Intensity
-83.62051	43.631751	1	451	1.1664944067400125	-0.34720883663820434	0.9479534415381119	1.0766149058577452	-0.38977425175659347	0.2073158677372835	-1.5677164948766453	-1.06492907469475	Emergent Herbaceous Wetlands
-83.483508	43.714492	1	452	-0.33561205454072557	-0.41294569755039906	0.6797239417216768	1.0996473402815738	-0.3740975976165846	0.3298121056904508	-1.915860413092166	-0.9211225316243143	Open Water
-83.341154	41.914821	1	453	-0.8796099263634697	-0.44581412800649645	-0.9679720791989842	0.1399707851461345	-0.33875386937005	1.2429107393293892	1.4263212017768323	1.0921773000695725	Open Water
-84.573323	46.032065	1	454	1.5534317752789522	-0.41294569755039906	NA	-1.2880598591890435	-0.39433473302891614	-1.4545539725921541	-0.7321710911593957	-0.25960930659135095	Open Water
-83.82203	45.008012	1	455	-0.043132019552847414	1.0003968120617874	NA	-2.0810121150479897	-0.39690000363841565	-1.053427443028987	-0.45365595658697916	-0.6622696020784399	Open Water
-83.870794	45.005806	1	456	-0.4693830896965841	2.019318156200806	-0.4698313707205808	-2.0380485006080975	-0.37124729686385577	-1.2242297072300776	-0.24476960565766678	-0.6622696020784399	Deciduous Forest
